3.289391
11.568623
13.512545
14.070888
1.981656
6.328337
13.899912
2.271449
14.158346
6.304640
2.032164
9.957768
21.441820
6.061997
5.816829
44.539239
1.818011
5.421695
5.341817
0.235024
12.151843
0.298749
2.855383
39.503387
9.229913
2.362517
13.809914
49.248731
0.198632
6.039164
22.269302
1.285725
2.538815
23.801691
2.689347
38.975512
3.476868
0.588918
7.030624
1.569278
2.207190
33.545115
8.625798
12.788948
16.776405
0.462784
13.992660
0.519531
23.373933
2.358357
0.543736
20.117833
0.603656
21.247091
32.729533
10.642985
4.297024
5.435898
13.703605
27.137703
0.889395
4.292193
3.541631
2.384611
3.976640
5.787864
4.536951
49.885536
32.363705
21.922654
1.367961
4.401314
9.619866
2.781279
1.013263
1.850941
9.945803
14.020602
2.771835
16.066868
8.854997
4.783771
3.747096
10.536063
4.446918
28.143631
23.660852
6.856660
4.021035
9.158613
1.197850
0.046597
5.645135
10.488763
2.002779
1.037511
2.085798
16.579275
8.593306
3.404383
8.892199
6.359319
0.311238
8.992126
5.677437
13.554149
23.480965
8.034872
0.133837
21.476795
26.036516
1.628212
1.874441
15.761078
5.417244
6.450133
9.881545
4.435367
3.341996
0.111508
7.436562
7.577595
1.640748
0.904969
0.141699
7.342568
15.999363
0.421802
23.803670
14.106190
25.494253
1.718718
4.258619
13.260191
19.518800
2.024299
3.574390
0.706591
13.701313
0.421505
0.567231
10.429495
1.992269
8.407738
33.710631
12.493379
3.032724
20.148082
2.008751
9.818841
7.974343
27.349728
4.848960
0.991834
14.635532
25.720544
12.384381
15.100080
10.049310
9.596540
1.274305
9.292322
9.915703
6.389314
15.332429
5.641259
9.212379
15.963205
5.555906
9.961149
0.834743
21.174155
61.840113
32.945625
1.756528
17.425620
2.414840
35.505949
0.912479
10.519014
31.842481
16.899959
13.126677
6.656431
8.301351
4.262448
17.820266
31.309389
2.861597
26.370380
8.187061
7.737515
2.968055
30.899530
11.123482
18.923525
17.049621
21.062870
30.305306
22.881705
27.317376
21.123125
16.061912
61.048658
34.733332
14.309682
4.945413
9.642737
5.132709
16.162172
14.439167
15.584901
9.391658
8.663249
20.903085
7.779496
0.107303
22.739045
4.491706
18.545515
19.272696
24.149587
8.109014
28.876569
14.894686
79.055570
7.634407
2.465346
11.913906
0.245933
3.626599
29.300146
0.079074
2.054837
37.196185
0.223766
20.580737
12.326754
4.214569
1.590163
38.190344
3.227053
8.555576
5.479199
0.765455
9.688036
8.399513
2.719473
2.213882
4.413948
5.114697
15.330779
25.990695
0.265910
2.215192
7.860335
3.862368
69.048875
7.658174
6.890391
4.606398
29.239765
1.464333
0.905537
11.523888
7.219849
1.076612
5.844081
7.900180
8.282118
1.476747
8.568976
22.975700
4.656222
18.972395
11.903689
20.735983
6.287726
5.065888
0.164376
4.875953
12.068772
8.431746
13.108312
12.322250
4.313195
16.986120
4.083879
0.659771
0.649651
8.729567
1.090358
13.034111
16.056176
2.493918
4.504265
2.643517
4.884042
10.724480
14.461728
18.844587
21.592099
12.205592
2.252523
11.670908
7.689596
13.709657
22.662839
4.968872
13.412714
2.085691
6.292607
6.740039
0.389495
20.084144
3.579492
7.119957
32.694272
5.117597
3.784404
6.438918
6.537357
62.891183
9.413836
6.552244
5.608636
4.596379
0.884563
23.694998
2.699982
1.323142
0.771444
16.809277
10.955600
16.935545
4.587347
3.162283
1.387362
2.076786
16.711528
0.308691
37.094612
6.341115
32.600755
6.656204
20.139125
13.748214
10.743582
3.201710
10.558408
2.317157
10.003759
20.301343
0.990573
1.014303
3.558601
1.773090
12.038144
5.428538
13.151593
0.288507
3.130765
8.875950
12.985417
10.210626
20.150662
30.942587
27.551711
7.858424
2.598768
2.480941
1.714818
6.365763
23.668127
2.649545
7.743003
1.182831
30.913230
9.197188
1.618632
2.774020
19.829379
9.628133
2.607803
3.164293
1.760906
1.913460
15.817718
39.559193
13.879600
3.073784
4.574837
9.739031
3.252245
4.307702
37.974109
2.603957
10.323895
3.559970
6.577653
20.419398
9.203748
2.003372
0.027303
7.755599
2.141522
7.498191
34.519465
34.778456
1.414381
4.272742
2.309617
13.636117
36.734040
9.996073
2.313269
0.574062
18.636733
7.037897
3.123095
13.263679
8.699649
8.579533
14.479686
4.165661
0.947238
4.436549
1.806037
7.845276
1.263268
6.305484
12.748012
16.050540
7.629786
3.075723
6.990727
19.814347
5.065609
5.247210
5.214423
9.307925
5.057137
3.781242
7.792905
5.514789
3.598660
4.672654
6.432272
21.777483
2.619007
4.878464
5.812099
11.360865
0.901997
2.773433
8.915792
11.736449
20.271607
4.937637
2.068435
3.917858
6.784243
2.684209
2.779894
11.106365
16.290719
3.122656
0.120222
17.452961
9.041084
17.183399
25.182298
9.852697
8.480197
1.628832
8.183025
2.324800
19.742759
3.638897
4.044925
20.910139
1.481837
23.996134
23.550821
8.976645
7.925515
5.196194
1.149838
22.894019
21.775883
1.547502
32.665197
1.327601
9.356752
35.744227
3.719129
2.839402
12.175553
3.300947
8.647339
18.197901
5.217065
7.288081
15.701800
4.665864
6.694801
0.513242
11.323742
8.285735
0.361088
15.308647
5.927661
12.540603
3.475453
4.165135
1.610450
4.457676
11.571513
3.087341
20.663587
2.468707
9.389888
15.986514
8.897107
7.708148
3.047744
3.691454
1.513278
15.443556
2.085129
6.254115
4.913004
10.130330
4.558513
9.082578
17.328332
16.427930
2.874056
7.417983
6.618385
5.879277
30.441334
7.394731
0.401940
5.445708
16.795655
1.813255
51.677723
2.028996
0.640065
1.347915
1.330002
7.591017
62.406645
14.368109
23.501506
2.011531
5.650535
20.949415
0.152851
0.947215
10.025783
13.851879
17.439069
4.337164
9.440346
3.671715
5.787430
26.933962
2.491669
7.036970
6.123042
10.126312
1.767949
10.472870
10.303589
12.517415
24.204882
9.675668
9.549599
3.771586
2.557228
30.591531
13.366668
6.856182
0.403082
7.873886
1.183013
3.052513
17.435792
23.034669
6.218778
5.537635
13.387542
29.750574
18.586710
25.269783
2.389640
6.068182
1.762949
18.266006
5.490912
11.177926
11.455480
3.747681
21.641685
2.896854
6.250103
7.808111
5.296139
14.396306
4.902355
3.610631
4.416779
8.175666
20.658027
1.078680
5.621072
2.877777
5.267548
5.326896
3.088359
21.132674
22.591919
1.773599
1.052020
0.116888
33.500815
12.947049
2.389298
6.453163
14.195582
0.336351
11.015185
2.557376
8.708998
3.070955
1.318468
7.024871
1.596201
1.341438
2.754308
3.566006
0.302998
3.579909
1.891062
11.073713
0.648475
1.477073
3.951277
8.635286
0.364938
21.478407
6.636180
3.272350
29.545961
9.638671
12.301263
7.663019
4.405041
5.127014
8.995868
2.998187
8.424206
3.214819
5.184632
6.262018
7.869162
7.428222
7.499487
4.191423
27.888192
7.096498
11.687576
3.956316
6.567237
4.631397
53.183894
16.555023
12.848424
17.564518
0.927530
1.153897
1.229998
15.274677
2.491133
10.813889
1.876806
3.145189
0.512310
1.510537
1.086483
13.739288
5.412550
0.724030
3.466213
11.391534
2.833535
6.205576
8.259035
2.677968
14.169451
1.164928
29.026907
0.107019
1.932210
6.473544
16.185085
28.762393
20.372603
12.570598
6.805106
3.348484
3.538097
0.951894
3.400056
2.045322
9.237984
21.766225
6.719081
10.049957
1.210549
20.416634
3.608878
23.632946
1.929651
4.184615
0.466117
4.866943
2.669358
28.257610
4.488503
5.771745
18.589653
4.211863
6.083207
16.072967
2.088403
2.234147
2.371519
12.544743
3.407450
6.975558
0.006454
8.595079
11.776758
4.567412
0.370445
9.389950
1.573723
26.831024
9.671398
25.976048
28.827071
15.819828
0.952518
35.681349
4.300832
4.480632
64.127368
5.754810
27.413252
6.939374
7.795854
3.683585
15.816014
0.722561
17.125736
21.135242
6.037656
3.688663
5.305365
9.426111
6.201341
14.347225
10.321198
3.970216
1.960984
21.736667
10.099212
21.717972
28.441244
0.816592
13.831435
12.939735
26.652781
5.104687
8.587349
28.814505
10.766899
1.468808
5.884651
7.676749
3.432560
3.335133
9.510878
2.460804
1.255134
11.266285
1.045226
12.884348
20.410853
6.222829
6.188054
11.079303
12.510425
5.271034
14.344272
24.004706
7.798859
11.801536
5.093100
1.313037
11.756236
9.228115
3.825279
13.722854
25.381424
16.196113
4.710949
8.162082
8.935161
10.254331
1.332627
1.957823
32.385166
17.096895
4.935954
4.400217
4.929824
12.996235
22.960954
12.355145
0.699252
13.881537
0.777134
44.974165
14.553087
0.996660
6.199421
0.453530
7.637094
5.937194
0.558436
28.499896
17.849337
11.850424
26.526821
28.528335
2.654416
5.045844
9.541099
1.240427
25.141977
5.307578
0.125120
2.397870
1.418150
8.932969
0.893346
5.823931
14.734438
7.171995
0.094003
0.709622
12.969298
10.425334
8.152858
5.491842
17.863074
43.748128
19.510016
11.746301
8.666348
4.165767
15.059195
0.932535
44.125122
41.367500
28.355309
9.997146
0.007798
13.729135
1.364059
9.264916
2.850252
14.386936
9.993167
0.222756
14.235441
47.749337
9.730363
18.595285
0.409331
22.635301
2.962498
11.309185
9.135367
0.052306
4.410294
21.202816
0.057001
20.578331
20.469901
5.590292
15.701710
3.348236
3.119584
0.307886
7.994326
1.293079
8.013722
20.333180
10.200324
3.741762
6.406731
3.800534
1.149376
7.233259
0.117745
0.878899
0.404808
3.533721
14.954359
0.208979
4.930346
0.999021
8.426259
8.155145
18.847870
3.368465
21.169916
0.338795
5.544015
2.515945
26.683256
22.465054
10.773188
18.716667
7.002957
10.511671
6.010415
2.833144
2.620060
0.935184
19.000071
11.195002
12.041200
4.159179
9.405467
13.470257
2.928719
2.185165
9.776541
9.453989
4.081217
1.941908
9.177604
10.210503
5.766097
15.407556
11.384212
18.482632
16.449163
31.499297
9.023372
6.320934
3.021261
2.946376
15.345006
2.270059
1.231354
7.076980
50.018176
9.500319
12.259935
4.300727
37.850648
6.937989
5.676050
8.260273
3.678035
10.254382
1.428143
23.770522
11.885607
7.218045
8.364458
13.841082
2.139354
5.055923
11.964506
34.294543
19.856504
9.297373
3.694660
12.707495
2.583954
6.401514
14.861663
5.730230
18.644463
17.490170
15.174876
0.884926
31.257600
4.586887
7.726852
4.412561
5.011075
22.949742
1.493089
1.064171
0.052424
9.055864
3.662037
6.606484
11.591084
0.798961
11.058578
27.036992
3.789802
7.959876
4.174529
14.141439
2.401186
7.187379
26.719976
0.156461
16.695580
7.041907
28.933615
0.293650
24.439034
14.646419
3.057063
20.289745
8.713472
1.774654
1.193429
5.162588
1.752616
0.816973
1.264570
3.414191
4.126284
35.730684
4.972946
8.838440
22.392008
25.561280
16.969347
9.529929
3.916477
12.128266
0.091291
6.993801
25.178843
0.945357
7.185960
20.081872
3.478965
10.350151
1.548033
1.657594
7.798179
32.610101
26.845038
0.868624
11.543841
4.701775
2.383992
2.299896
22.141802
6.297657
43.651507
2.832849
61.495255
0.231814
4.453391
1.304665
15.913937
11.877425
4.553090
11.274461
0.427947
0.764695
16.282221
23.548748
7.311143
6.317687
14.987674
4.266773
2.343780
22.944497
17.586143
21.855343
12.785254
5.205141
18.245570
14.390951
3.825011
5.374473
27.077477
0.988991
25.163211
6.119762
0.202777
11.265753
17.278435
0.725969
2.797808
14.652190
1.372725
22.813680
29.467552
30.877196
4.070932
2.149560
7.752211
0.325625
3.731697
31.705609
3.823578
1.475207
4.509010
0.771016
2.688396
17.178524
4.386356
5.473067
5.030247
5.101957
24.073834
19.650610
4.830385
18.948067
8.509803
16.660479
1.257267
9.164394
2.301172
3.491286
1.921105
9.390236
4.857895
0.492501
6.707538
6.053164
10.951756
10.483503
7.253740
4.841302
30.255020
12.663483
3.867016
0.345283
15.552876
11.667092
6.513856
10.738236
7.527470
9.581630
7.318486
3.127269
5.700956
1.749690
9.604842
2.554577
0.367077
12.737006
19.271091
0.005393
10.304059
3.099126
11.235310
1.244912
4.165319
1.306495
1.050244
10.750546
8.436626
23.128933
6.467028
7.691757
17.780884
17.205681
9.097337
3.835243
17.870079
3.959652
6.623931
6.821474
1.433802
19.377821
8.458353
4.707789
5.966052
3.973095
18.749119
34.353921
2.592917
28.684950
2.107372
0.566087
12.430540
3.535194
1.847980
3.104185
10.256060
25.582351
17.994455
4.329469
19.429976
6.358907
4.679247
7.643343
16.008579
1.729068
6.009510
8.897258
10.352271
11.328577
19.146458
15.714786
3.920821
4.711175
14.654385
4.792912
9.488965
6.852071
0.361273
65.757570
5.981537
6.871965
13.759505
16.050239
20.859248
10.172260
18.116110
16.871664
2.896877
0.789936
13.863162
3.809618
25.010545
13.031617
6.663501
21.367620
4.032738
2.759771
2.832464
1.846857
18.443929
9.007136
3.669249
6.252506
7.297686
11.543844
2.511458
25.820526
5.340445
10.562432
21.845242
4.165736
5.245941
4.487405
7.451928
22.833988
2.221806
3.286830
6.594823
6.547237
4.559393
27.241550
2.464892
10.037127
13.769544
7.002528
1.769510
10.127962
20.172315
2.838071
14.056778
5.791808
4.992495
2.665027
14.423294
0.345204
5.470295
28.683182
25.691724
33.855234
8.952756
5.973279
0.218773
26.386741
11.021931
14.197532
0.071180
10.797881
2.960749
19.253666
0.876654
10.198115
2.059252
8.648350
15.728992
1.904284
3.116660
1.249208
14.517220
29.184421
3.675440
0.286157
7.183294
3.613182
7.292535
5.258961
6.282346
0.079171
2.222121
0.556098
23.483200
9.636083
16.074006
0.187686
1.501248
23.722905
23.217664
7.803048
7.084834
35.779039
12.209975
18.091267
0.855877
27.999878
16.033875
2.970633
0.825648
8.170980
2.113713
4.402721
25.180320
4.071053
0.639824
1.388332
5.506332
4.878493
9.029138
0.318108
8.564952
16.803112
0.264396
39.486341
12.356652
12.920418
13.192426
15.160171
9.136043
2.519550
3.759085
17.342480
1.733486
22.905655
29.278994
1.522823
0.129664
6.629193
1.162190
4.096198
7.067545
26.694016
3.500269
2.528833
10.807013
17.158717
11.010321
4.598225
18.018717
5.216905
11.539811
3.237791
21.022906
1.880641
4.217013
1.349424
2.729393
8.328012
1.452833
7.025030
2.155359
1.959433
21.972207
3.965130
11.242705
8.945721
6.728088
6.732691
15.650469
18.696024
12.330224
5.117644
3.406475
16.503897
8.705078
14.430146
0.772497
1.286324
6.903474
42.315193
13.579819
2.499362
3.886417
7.648731
13.646981
0.173217
21.505234
1.742225
13.524294
9.502664
57.786586
9.767312
0.207720
4.162943
23.848260
4.983968
18.149937
5.488920
7.754322
12.750428
12.457466
25.744431
3.930678
12.826840
3.743207
5.285690
1.491741
4.094989
11.016368
3.795411
3.548682
0.745535
0.261683
7.467338
9.382488
5.965183
6.747021
12.538276
6.663115
14.426604
1.687753
16.021819
1.303443
0.114775
0.167683
1.970687
1.659919
2.057710
34.370640
5.372061
7.259086
1.674387
9.150839
5.531547
10.054916
2.720623
9.679029
15.326879
4.051654
2.042032
1.824460
7.151328
8.616617
1.054744
3.942643
3.067662
11.588974
10.111709
3.424172
7.038947
11.924919
45.396871
13.896313
1.869142
1.887291
20.253347
16.183675
15.219066
5.410804
3.218805
3.035574
17.596832
22.501000
0.261714
0.076000
0.693579
4.438375
48.882691
12.463546
1.958285
0.451056
17.164596
6.195218
26.552999
3.643258
2.051444
30.244051
3.560059
7.683254
4.550557
12.278945
10.423450
11.745423
33.575429
17.163524
0.898998
1.043566
22.214233
0.777975
4.659947
5.536532
17.704429
8.909189
11.713829
1.706397
13.636365
14.473018
7.268366
10.356772
3.945535
4.688993
4.958634
14.585859
2.703011
11.961936
3.692804
10.155033
4.854912
8.951965
39.037684
1.881999
26.818284
2.385893
9.637599
0.264603
5.594577
13.104441
5.936139
1.631915
0.809353
26.538314
3.927232
0.257671
0.930555
18.205845
11.014231
19.001132
14.637792
11.313421
4.171188
1.957395
16.233784
4.647575
0.721819
1.214779
4.568267
1.953012
5.259632
5.011850
10.895295
20.155404
2.387711
14.214506
0.046898
6.234701
6.990747
7.247752
4.642937
0.822424
15.438404
8.641712
10.774967
3.865307
0.488058
7.649140
4.116978
2.338634
19.488883
2.311062
4.162862
4.135106
26.459200
6.131206
5.732221
0.362846
3.288799
11.486975
5.253007
1.061432
4.865066
0.788615
17.856276
8.167843
12.314681
5.421195
19.698861
6.066008
5.496375
4.818947
6.799993
4.505276
12.274594
2.738184
23.287583
8.105517
19.114807
1.319230
26.467121
11.196713
23.460980
12.686835
5.620255
21.611471
1.613932
8.848751
7.772721
9.363178
7.128297
4.155090
9.256932
25.473393
4.243152
17.606746
28.955287
19.527368
5.990674
8.671761
15.381653
3.692482
1.310990
2.805247
3.564648
5.396211
0.707646
18.856268
8.148141
5.195272
15.272119
15.955058
8.193661
21.076523
31.101475
10.447770
6.316461
25.433441
8.515126
3.308290
3.344513
1.795329
28.174721
2.161764
5.062111
11.798567
4.891215
3.512705
4.624017
0.578197
21.152556
5.999257
9.026090
10.458667
36.365734
12.689187
2.498101
4.345543
16.339221
10.600858
18.453831
1.792033
41.544391
4.819914
14.427273
11.644650
6.544101
0.669992
4.784977
14.041218
5.613375
2.143517
22.572583
3.853552
14.705453
2.070697
14.685941
2.213611
5.712386
3.957772
4.728229
1.384024
17.993012
9.319098
10.426381
9.211778
9.438897
9.420886
1.931740
1.743727
7.441862
5.356524
4.107654
1.340927
6.750035
1.740139
5.761732
18.198465
11.121069
1.756553
14.107794
18.680501
12.579756
7.312870
25.025089
6.888403
5.871592
5.645467
8.433547
5.153213
5.682801
4.945506
9.279000
9.075631
3.013740
4.527264
1.628194
3.051647
10.814846
3.253416
15.054390
0.540690
6.360549
3.715215
0.691272
1.552484
0.535448
18.287480
1.803158
0.855672
1.455876
9.209874
24.419461
8.303557
0.624668
7.271619
3.579124
24.185390
0.721086
3.768145
22.952075
5.144017
0.250901
7.145888
3.802509
12.027862
1.120449
9.855222
25.946884
6.772809
4.168433
8.327783
15.677435
15.100428
25.946186
0.131722
4.571956
0.282443
23.139777
2.288384
1.076132
10.384670
19.039658
5.807334
0.180433
8.564999
10.599858
23.472919
2.840272
4.619232
15.554631
16.279298
3.184890
0.525437
19.083506
4.844997
11.785072
9.520346
1.062342
5.280298
0.026599
8.736947
3.172295
16.139219
0.505109
5.737887
19.758463
4.904769
9.272314
2.056311
3.480960
4.488077
1.177162
13.527906
0.272920
1.279035
1.719227
36.697259
13.663838
54.006616
24.511850
0.145602
0.784168
46.767218
20.913279
9.823279
0.823684
37.962693
4.473282
9.293506
9.155700
4.879976
12.854902
3.804224
9.232994
17.729507
5.131212
6.921391
5.920003
13.843060
3.363496
3.309388
2.056439
4.786179
9.408479
0.235620
36.696704
0.471807
14.722448
4.211960
20.269569
2.927988
17.315156
29.579105
7.288662
6.086702
1.922968
10.718581
14.799266
5.826503
1.599694
2.256372
3.003706
7.374652
2.613695
1.652553
18.735742
2.040508
2.010830
0.779032
3.765521
1.648934
38.795308
2.586687
2.453102
10.207096
19.003839
33.484295
9.187122
6.906995
0.468737
1.985247
12.444247
5.363492
9.879167
0.726054
25.963110
19.647773
0.414183
32.494503
7.296883
10.083389
18.889435
11.915294
12.884820
8.897082
8.073998
15.844879
22.954534
0.569569
16.184928
0.137934
1.563315
8.436380
36.635852
2.139391
6.034567
1.565546
1.215039
8.123236
2.361497
1.723704
8.992794
4.224267
3.900049
17.008140
38.920985
1.109258
13.303710
11.303912
0.290723
4.525638
7.243174
0.788799
1.847348
13.884851
1.360397
8.444816
10.506177
0.616122
7.880793
8.647589
1.349252
26.047090
10.906310
0.900421
12.234833
0.279280
2.525641
13.957702
12.763916
4.735331
0.210684
10.621789
1.588200
9.841657
26.025121
5.419468
4.807733
6.093752
10.832003
26.508743
6.007942
6.917263
8.633373
10.285390
2.404293
0.859723
4.137885
1.870653
12.652183
0.100306
20.748172
17.265851
6.645802
5.301533
3.189871
22.034103
6.269084
2.983321
15.983012
22.133542
18.829164
2.907754
14.638760
3.832616
3.476110
6.037748
0.188902
6.436791
1.221287
1.416363
7.035444
9.746299
16.445380
2.410104
25.818472
18.729794
1.036830
3.639374
0.919990
7.782747
10.301138
0.159659
3.945883
0.018481
8.390892
4.646357
9.054334
18.924975
5.930714
28.498829
4.176113
15.745543
12.114392
2.770447
4.618804
2.821814
6.447569
17.660821
3.326238
8.107183
0.876500
35.941538
0.791446
19.835868
6.033337
5.354262
2.281744
13.919562
8.592246
3.852085
20.604578
67.186311
9.357091
21.859603
23.879131
29.304646
2.945077
1.770347
29.763613
4.182420
8.434119
7.948535
12.249938
25.944182
4.347191
9.347849
14.664489
7.852765
13.132702
5.164620
9.830891
7.815856
21.273031
2.173714
10.384225
24.177480
11.868499
3.383194
9.605532
13.333384
13.035307
1.019583
6.373027
1.582073
15.763273
26.114107
35.886505
6.149910
2.932205
0.701472
10.952767
13.162879
1.916430
6.717286
7.883552
47.807716
3.146842
11.582749
7.845008
4.047736
21.960723
31.677638
38.527400
8.266538
24.928083
41.312777
16.780782
8.033567
8.839356
4.452021
26.260472
15.283216
0.700699
10.789301
17.705487
4.429387
3.886601
0.832167
3.111611
11.067135
5.926643
2.487683
20.131933
3.659068
4.371744
30.260317
23.540816
17.425975
18.356277
26.760150
0.650205
1.060385
3.724419
17.668618
21.826424
17.682236
0.194217
4.346721
7.160431
13.070838
22.458492
7.326149
3.384457
26.221273
0.615654
6.980293
4.688747
39.653399
8.555980
7.577341
9.629739
3.167424
26.206192
11.934360
21.898830
4.354540
10.754586
0.466973
12.996380
24.476330
10.284812
8.711461
0.630533
12.487715
3.028872
0.278499
19.746224
28.292154
3.202681
4.351088
1.409890
0.030374
13.977803
2.032974
15.687714
6.760059
2.261688
14.260610
10.380088
0.792458
4.947209
54.973797
2.463358
10.256633
3.158152
6.474610
11.531660
34.872873
18.831190
2.732093
2.858649
0.984381
18.082038
3.449757
4.390079
10.014287
5.950235
27.848388
17.815311
5.861443
14.619926
21.417548
0.901648
15.548193
8.395394
0.607010
14.925781
10.492187
7.139823
15.188435
10.340307
12.543028
7.292801
2.086037
7.240307
17.342820
19.956243
7.814836
2.182966
21.945399
10.080958
4.577704
11.546273
0.325285
7.976690
28.962700
8.655756
2.609420
4.762941
1.743948
17.115844
1.078083
7.011588
4.567810
27.363203
5.300254
4.022639
7.520153
8.149574
4.731689
74.829946
8.872752
0.989724
7.049370
11.259251
5.113845
9.167066
30.963854
9.373612
0.200785
30.654139
7.366170
2.489665
5.129744
6.771562
0.108247
5.389525
3.038564
6.844138
32.228990
4.920637
10.854084
7.619620
7.141864
12.703248
4.944312
8.476763
14.836225
62.300051
0.764759
17.455964
7.792997
2.450175
11.423471
15.856558
1.968427
4.261414
1.381222
6.660033
4.406519
6.947163
15.260391
5.933249
9.522416
8.611970
2.762824
42.140594
16.793584
4.049570
15.735264
16.943462
24.232202
5.788684
1.563160
34.795813
23.746067
4.145299
6.222854
13.273794
14.927585
15.990236
2.319634
11.326851
3.648032
1.593405
0.192799
6.506232
30.667460
30.801171
13.246768
5.937579
26.259750
1.894133
0.729782
1.719874
8.025114
19.674550
5.139525
0.808500
16.315502
6.630990
15.204954
3.691904
45.487102
22.851181
4.337217
2.223431
3.586707
19.053053
6.300248
3.728475
27.644027
21.747231
36.119369
22.475958
12.387073
3.503200
0.871494
9.636921
3.922468
2.255186
3.024868
10.923170
10.278305
4.609821
10.406737
18.032619
10.177849
7.932569
4.852929
1.250241
0.204193
1.894985
0.771494
13.143473
26.836460
1.367542
42.724345
0.689762
17.942105
5.828585
0.941877
0.900049
20.332718
15.709960
0.995859
7.573084
2.025403
5.652793
7.570016
12.131053
4.325855
4.538055
3.153985
11.592089
4.972037
9.753040
19.040910
8.924633
2.193900
19.291561
5.139368
49.085652
25.260381
2.895506
28.154775
4.709424
0.546196
1.351214
4.543355
39.882394
4.989058
10.990970
6.269558
2.121142
1.075150
8.101091
23.979600
4.037913
2.802825
22.145123
7.132949
18.792246
10.653289
3.273583
19.353868
14.041053
19.883567
0.654655
8.264561
1.132725
18.802447
3.869490
6.725400
27.427012
3.165556
2.648247
3.846074
5.741753
3.252759
37.171053
7.299920
2.398807
2.345490
6.242753
10.161669
31.642330
1.035976
3.626490
2.910045
1.141442
3.222763
17.973244
8.874001
1.819697
2.451702
6.587593
6.227458
5.825972
16.514122
1.136922
8.985138
6.342456
8.666366
5.476468
7.960861
7.159861
2.610611
10.884362
1.124463
7.917989
10.306868
1.000790
11.350985
5.687502
38.858079
27.082082
19.196589
6.962015
58.318686
1.003003
5.440375
1.720947
14.643819
3.313212
0.795028
0.873551
3.157655
21.001206
5.990458
13.407768
3.634164
5.307169
3.199440
0.414142
12.934674
2.384147
1.942506
2.988546
6.303063
0.410955
3.363999
66.824042
1.194095
6.662782
6.788807
5.666159
2.206306
1.465864
17.250962
8.025805
3.384630
8.318879
0.010781
6.466696
0.336948
3.719360
0.159118
1.470976
56.411871
1.783953
0.998362
16.034249
2.227856
7.961168
22.892995
14.256262
10.292885
44.191047
11.605471
14.279309
18.728241
5.527757
7.330753
15.538170
16.097142
2.714531
0.626546
3.069118
0.832482
2.842738
26.200549
0.350632
3.048137
4.869149
5.217051
3.807130
4.869516
6.962470
14.359897
6.075132
15.266277
7.085568
0.486694
12.671582
6.065761
2.417459
11.290182
8.371467
5.331039
5.046190
14.081897
2.493464
5.913126
7.340050
3.272128
0.191780
0.489801
10.603227
20.664632
17.486223
29.422001
0.867473
10.449306
4.256883
25.172180
12.954575
11.520146
6.838055
0.905807
3.748520
33.630453
2.637026
9.633067
9.579669
1.467227
15.185393
7.128676
2.437154
5.975810
5.424356
42.665603
1.496059
20.683906
1.888030
8.422424
6.699072
16.160767
12.361978
9.911539
40.054827
1.444349
18.798891
8.132565
8.111142
20.398632
1.378682
30.925477
16.739739
5.273461
9.370374
1.156788
2.445289
5.531212
22.511338
23.823790
17.917814
12.427010
5.259096
0.668022
10.182996
21.917189
8.875452
3.958932
13.005775
13.660676
2.145819
8.843301
12.538385
19.165978
2.945319
16.897560
29.803489
5.308894
2.719918
6.271752
13.991660
5.508773
4.478247
3.564016
25.269771
1.382235
4.165480
5.543194
30.966255
6.488169
5.377148
18.869407
2.588132
0.796159
3.909884
2.460345
6.525762
0.020997
12.281123
41.965760
4.469752
0.459141
0.765928
4.148379
4.344750
12.688618
3.665308
26.192058
2.219090
0.163275
4.960120
10.488494
1.234215
2.652002
33.541032
1.670816
1.885562
1.380859
13.274378
1.490369
11.331248
9.704649
6.817826
2.254554
2.086354
3.935737
26.260255
0.914503
2.736375
4.330797
2.818464
3.907422
13.480056
0.364135
1.278599
4.781534
5.106216
8.817428
4.548628
31.917741
1.044092
7.689394
7.289163
6.825415
8.442556
17.874378
0.031461
17.898029
8.229033
8.411936
14.397966
2.672824
4.265007
1.607043
8.291924
2.927299
1.119387
22.904352
1.554653
1.851281
0.622107
1.179020
9.638429
21.742971
8.957057
21.692579
6.424195
39.958478
11.891007
6.495050
4.464823
5.138026
16.355321
30.720171
16.510345
3.587587
28.103332
30.554092
3.557476
24.548306
5.627296
18.881827
12.114352
4.752676
3.344805
24.682281
12.365088
3.002047
1.055502
1.022304
14.619252
0.610282
3.146544
34.357742
15.182243
15.207855
1.293588
14.595966
4.360562
16.673191
0.085275
0.675026
3.544562
5.843192
5.603076
1.037455
6.635062
3.686220
1.311110
1.766728
11.239718
1.476557
1.981686
12.863409
9.221936
5.754943
4.178546
12.017006
16.976818
33.826089
14.096015
8.547399
22.304117
9.450956
1.461733
3.147588
21.258699
13.417922
0.694221
0.682940
20.443560
4.952291
36.285045
22.310113
31.429863
29.684621
6.013414
1.446591
1.471809
3.183801
2.269893
3.848723
3.111317
15.608488
9.593548
6.127402
1.433665
7.814740
10.306304
3.239642
9.758632
15.654588
13.377180
1.194658
8.393612
30.473632
16.871894
11.178325
3.867063
12.010681
1.627791
11.725564
1.447839
24.930087
3.817687
9.183958
14.815723
11.421292
9.943101
0.594304
3.971921
9.184394
38.653539
4.627453
7.378785
21.489544
1.003232
11.789588
9.322133
2.406801
2.914555
1.654930
14.033107
7.377461
8.197656
22.687968
4.967850
20.127013
10.596282
4.512197
1.745051
15.621330
25.038546
5.482868
12.769179
14.220415
7.945587
3.940615
1.719100
15.176432
2.678721
12.839080
17.932405
13.126901
6.216429
5.241321
5.065063
5.004739
1.497502
2.897139
0.558413
0.405251
11.751322
0.066960
10.222729
8.512538
0.823415
9.472302
9.434190
7.576167
38.056348
3.715321
3.121790
7.857382
10.974777
2.400683
1.369080
0.095335
3.154232
10.278978
2.643659
6.655636
6.180456
19.284038
2.064532
8.094593
14.425681
9.172425
13.261580
11.060626
1.337412
1.116810
14.938840
1.241795
19.845000
16.338498
5.852329
0.070350
6.663356
19.115905
17.960104
1.831439
23.297963
6.001832
10.058613
1.265914
3.067546
8.488664
6.099706
2.956894
2.106709
20.795264
4.384817
3.037964
7.512180
2.061668
2.948284
20.263516
6.545653
4.813195
3.064540
0.939019
1.542599
15.040190
8.742409
19.610190
1.616047
3.091106
0.040992
1.956679
18.363764
1.136677
17.193970
3.736599
20.625137
9.890446
3.018932
13.943423
2.881867
16.585265
6.954695
2.642640
2.475061
23.730604
9.584808
6.894428
18.778993
5.113141
3.645655
6.701345
0.656486
10.009710
16.013886
31.883257
40.859633
2.651555
12.849864
3.463676
1.739872
0.826647
22.823348
3.834229
5.635413
7.713970
8.111524
16.837944
0.060231
6.376234
4.858313
10.008768
9.479508
7.254200
5.870888
2.107784
1.342824
1.112281
2.614322
2.071151
5.240654
13.266274
5.492180
3.095392
23.104237
34.687240
1.122829
20.781385
8.770104
2.142490
2.075679
3.003269
8.467712
7.348220
8.731177
15.228153
7.972728
2.658656
3.278153
16.132151
12.738894
0.680228
4.878547
18.889739
0.943749
6.769679
29.492509
6.976033
2.791177
10.576855
5.186745
5.042332
0.787900
8.012106
19.649027
12.044469
4.934371
9.808814
1.650190
15.868544
19.950709
18.346593
7.536504
2.760736
14.338347
8.243560
13.988917
0.763779
5.062623
11.142425
7.737933
60.863915
8.388770
0.451767
4.831220
20.471207
13.865057
12.043170
11.681269
15.096637
0.072203
9.029522
1.012440
3.239312
8.239915
6.976712
3.917201
23.585998
5.473769
37.918223
14.807573
14.018262
14.694373
41.152105
5.011544
0.094133
5.780082
14.090363
13.966534
1.883888
1.037805
5.319826
0.724696
2.214827
20.387330
2.912635
7.389472
7.192707
4.276468
4.263364
13.398639
13.087255
9.908214
1.372652
10.034028
49.196770
0.440912
5.808306
65.142601
4.018683
45.326786
0.202215
25.477511
4.670425
2.280999
4.554396
3.469401
20.444434
10.132255
33.450042
8.973742
19.026110
2.789891
15.504198
4.474604
19.639086
10.185122
2.599365
23.424260
0.087865
3.072176
16.068131
4.741997
24.710541
0.804516
0.065236
4.506136
6.589096
10.535111
1.008590
11.264638
0.410687
5.312839
12.742034
2.997510
26.619161
7.256324
17.319109
18.268223
32.184075
16.919823
4.997546
24.511754
5.462793
12.450067
4.135261
18.498853
21.197021
8.870814
0.814893
0.036407
0.860965
2.610872
25.280591
1.294156
4.963769
14.354903
4.112537
24.790248
2.774261
7.139952
4.388166
22.101332
4.705850
6.988510
7.068216
0.138674
5.121176
5.695369
13.153915
7.288027
0.198379
30.812031
4.372629
20.357101
2.817696
0.235525
11.629897
13.266295
6.848978
3.249282
0.075435
15.305363
2.754511
9.831972
14.522582
18.302347
2.857526
0.151531
5.927670
22.779854
2.470225
5.371477
1.187999
26.004245
1.927529
0.735793
8.630943
20.519812
26.555041
28.406176
3.633924
6.933519
15.306593
17.827333
17.496749
3.521772
0.755687
5.484555
1.144675
6.807435
28.282863
3.444720
19.569336
4.490863
6.068348
14.611700
11.569473
12.895555
14.092975
13.702531
23.681465
30.520018
10.976136
0.675481
10.579023
5.760350
5.897807
18.010217
0.710050
5.339568
0.388170
0.408673
6.129745
2.695328
29.550970
26.439320
6.624885
14.318252
10.669129
4.922792
2.710975
8.214827
4.424485
76.750684
3.441013
6.374160
4.439685
17.844226
8.492331
19.586490
11.815109
45.598500
3.094454
14.204707
0.331177
3.451910
2.230781
7.371564
7.247039
1.400223
3.588866
0.642373
11.379936
16.019930
5.798272
30.693162
5.551851
11.583947
5.369033
34.824765
4.993869
7.194402
17.462485
1.163717
2.991961
4.378259
8.182428
78.809447
11.307954
3.710899
31.096700
16.338225
4.616375
0.098899
3.881772
12.250783
17.357711
15.677660
4.761277
0.735221
3.929870
0.611320
12.231331
4.127670
2.965783
13.440420
2.419059
1.324687
11.403630
50.977297
2.067973
7.511696
0.102078
0.553201
9.178320
26.278039
2.222822
4.958416
4.025731
8.152042
14.124961
8.753811
1.719881
3.377710
4.545387
2.270657
1.078443
16.186403
4.518943
45.065051
0.245209
18.666006
5.479502
7.401355
1.423284
5.758159
1.712125
7.346656
2.731855
11.181406
32.588822
26.576246
0.503105
3.024418
5.536921
3.012864
1.262999
4.276371
30.853273
1.078032
4.604492
2.504003
4.072391
0.248211
8.196494
17.505596
1.144163
1.913068
7.516040
1.585272
12.163019
13.789993
1.513735
5.206622
24.218910
14.611162
15.947244
5.234446
3.164139
4.741756
14.075594
2.942947
3.362700
3.141266
4.217438
15.191500
0.063625
14.708018
10.476987
22.800053
32.776811
0.762744
5.576982
0.637102
9.387387
1.289889
11.851737
28.491639
3.223599
10.813876
4.077100
11.742463
0.186554
11.672394
1.164632
0.817052
22.463187
11.778084
11.839753
0.295800
1.225139
12.577071
3.075972
6.058635
13.277080
7.939227
0.838617
3.516051
6.961600
17.832740
2.226904
1.795105
14.976408
53.264993
3.470029
5.986392
3.206458
19.212090
8.282358
29.748809
9.697795
1.223204
3.585889
14.741956
8.674828
6.787924
50.181399
7.851957
11.384370
1.822478
5.954726
1.478279
6.669345
3.590024
4.081521
21.794268
10.174000
1.959599
5.147005
5.082102
53.925775
13.053508
18.463725
4.883999
3.393817
20.913183
26.087792
5.592349
4.996483
1.001964
8.533836
8.743099
2.792325
60.699313
19.845664
3.766847
1.957187
5.135223
5.395096
0.471833
18.755326
47.150713
21.266258
4.004460
5.973671
11.751917
2.752924
2.019293
4.158970
2.933504
13.287958
9.608045
4.660976
21.093915
1.351599
37.660204
7.177002
6.558999
19.981760
11.950912
7.770262
10.847126
1.180460
3.893185
10.074097
21.536435
2.448235
22.262529
0.900379
2.703896
6.303284
9.000484
0.216165
1.613731
5.641689
4.824636
16.652184
3.446203
9.969643
6.012158
12.477385
7.436422
3.438217
19.719941
12.610749
6.274944
12.574883
10.900699
2.988309
1.273917
45.909401
6.942854
15.791704
5.103974
5.491811
7.022120
0.358203
15.293590
2.638354
9.743637
7.311322
3.786773
4.921449
1.161960
7.940654
3.014455
15.328681
1.209995
2.438558
12.993504
3.535822
18.313274
0.313457
2.213485
2.351857
2.459015
4.268185
9.077797
27.918456
16.093137
5.128170
13.917428
47.694119
13.386414
8.133286
55.479112
8.773564
3.117078
7.451077
24.574661
11.502216
1.429915
4.885528
33.573272
13.010397
26.862532
43.229810
2.309473
2.234781
1.866139
53.980061
9.538773
3.155131
3.288631
4.803528
11.278960
6.316142
12.263095
16.698568
1.382201
30.915320
18.294557
19.608748
20.642390
16.246779
25.533857
7.302228
3.209387
11.726315
2.676477
7.462864
1.504783
16.276715
14.684426
1.068354
3.935716
12.097274
12.300235
7.233932
23.813247
32.690531
18.405729
51.715239
1.874836
38.775831
6.813596
2.319300
53.955659
5.360040
22.905370
3.589900
10.178543
0.072894
11.215852
12.266555
1.444692
0.759515
2.802981
9.478438
4.329469
7.393948
5.010042
5.438828
18.800065
4.244508
28.220782
8.359148
19.627603
8.950739
15.189111
34.149002
38.622955
21.539059
13.575331
18.641914
8.417513
8.643098
6.330917
12.361664
17.557972
20.847366
10.373701
3.668575
2.630891
1.591271
8.542851
0.895360
3.560720
2.056029
0.450852
2.747872
23.365485
12.395537
15.248335
13.331559
6.970838
8.188933
32.881572
15.185674
2.675946
16.932926
4.950354
10.593606
3.676777
7.360753
16.546972
4.325823
13.378170
25.136681
7.528205
4.230495
11.994149
11.295920
0.794049
8.260703
28.270243
17.550756
4.719837
43.311699
0.129189
2.728258
3.887263
7.122209
5.423279
41.601409
5.431520
4.687187
17.294859
22.770124
6.443434
17.471157
6.703040
1.970996
2.734464
32.901969
0.673203
7.932959
30.904796
5.237525
9.074357
4.413837
23.934032
29.515894
4.702812
20.563549
6.825847
9.404509
12.481175
22.247962
22.564951
0.771994
3.395394
6.528844
35.516952
29.125697
11.384049
1.193829
8.684586
6.222512
4.259570
16.572086
11.345559
0.193766
6.422268
29.603793
8.672632
4.790988
4.250677
3.478598
5.710882
11.334605
5.370608
2.412646
7.984390
3.095916
2.967532
4.607427
2.910991
10.454285
0.675236
3.093284
2.416565
1.556109
8.698694
7.549749
9.839145
5.380711
9.772202
3.291052
7.063726
6.500626
5.568759
8.797357
20.088249
4.321449
5.061459
18.092099
14.914747
9.766627
3.782113
16.392578
9.973863
5.420897
9.076560
5.286735
2.550371
1.377790
7.720226
1.215822
9.463249
7.395669
4.709564
16.509414
4.376359
9.314659
6.633930
21.716505
24.997100
2.558638
5.487287
8.967935
6.214779
1.434566
4.347507
30.782267
5.077821
22.528682
0.607875
3.140266
16.476091
3.965977
10.177417
6.520869
5.723326
2.992561
20.562877
1.615300
4.967519
14.952217
3.610081
11.487597
5.625610
4.671489
40.911213
3.488223
7.731194
0.204095
27.799583
26.607067
16.993644
6.800501
15.964245
3.805394
5.949326
3.460834
5.386844
2.420232
4.520826
7.752001
13.977190
22.808907
2.493722
0.218762
22.837782
0.054367
27.250579
14.238509
26.445858
0.287249
4.995557
2.040765
7.386779
2.947760
16.600518
2.256019
2.983361
3.284347
9.705303
5.532457
2.013469
3.127924
4.046872
12.219868
3.910528
35.579350
28.037982
12.907029
18.026417
2.240828
12.610022
1.409912
9.277741
3.593036
21.683525
9.256394
4.116515
26.760756
3.956829
2.811469
0.640426
4.652158
1.312149
0.760312
11.026930
11.401746
12.827276
7.559884
4.257008
9.478920
27.146857
5.004482
54.020493
5.136264
5.781697
7.882038
18.669405
1.844297
10.238328
32.751958
0.053392
5.581780
10.527536
12.953288
3.768103
39.205780
4.988762
0.270940
8.937907
4.758729
10.334825
2.801014
2.485469
10.073209
6.962487
24.114082
10.419370
9.173923
3.966672
3.524857
27.565993
35.298362
37.013957
1.354756
0.543264
5.522391
4.082130
16.687344
4.398429
3.264102
0.780744
2.518348
2.791395
2.543305
16.127878
4.114768
10.796175
30.751038
27.015201
5.449577
16.911270
6.402805
11.154615
5.384543
7.501210
3.434735
0.710047
7.964590
2.458454
3.191067
2.671161
1.266496
3.958395
10.040520
3.691573
3.528405
3.334092
0.275005
12.641581
15.568221
9.479882
4.054823
0.705234
0.102822
5.159504
0.913435
33.700564
3.902790
17.589362
10.762572
2.335349
2.160701
1.697024
28.110505
18.572559
10.411746
6.895093
4.227223
0.757714
7.999556
0.772750
5.193679
20.318287
19.237687
3.817533
1.306418
0.097371
11.237053
2.247251
8.416266
18.490636
2.807254
13.481994
26.150233
2.638307
4.659213
12.135016
8.155733
4.295619
4.263612
6.245773
12.240538
3.252615
9.395565
2.487772
12.353640
7.456341
6.034885
20.900879
13.539646
11.996127
1.180343
0.371317
31.397224
5.862422
2.141562
4.924379
18.647468
4.477311
29.899586
0.363342
9.024081
6.495225
31.982807
0.369128
13.911786
10.268055
1.293695
4.762056
2.005570
13.598873
17.075622
39.264379
17.977010
7.210300
18.901752
11.459480
0.633928
6.374926
2.374532
15.714564
9.207263
0.816119
12.981660
0.525631
8.973663
4.099620
6.352851
3.738722
3.557337
23.236506
6.806262
0.154844
20.031340
0.647462
13.684174
2.897580
23.115760
2.979943
16.972631
0.931382
15.908819
50.823500
6.878492
3.916927
9.708105
3.196338
0.347413
8.695054
21.584536
1.682620
31.368066
3.127414
4.245004
4.174120
0.332533
20.200407
10.848489
23.738674
11.685102
7.838639
9.184952
2.630704
26.288805
23.495511
0.504554
34.387803
21.810278
4.836497
4.366330
0.148841
2.528947
1.771381
3.819326
3.910470
12.614548
5.562943
1.329604
18.144317
6.367247
16.270014
4.016766
0.129232
14.349392
7.542366
0.504960
25.012013
0.633209
11.293008
3.195027
2.230125
37.271630
5.207062
63.020711
10.430946
13.230026
1.337843
13.110732
7.598938
3.394366
3.283359
1.362382
0.788097
1.959653
0.853418
4.392057
9.354555
12.572590
16.901822
2.416484
14.134117
7.616811
22.391770
22.119593
4.446979
1.741237
6.881141
1.909144
32.732127
3.529580
3.557920
11.603727
26.416064
3.134130
66.194448
0.300384
2.546880
16.637396
9.453780
2.113663
1.365756
23.362700
5.807454
2.609699
2.073209
2.630181
1.272203
4.409853
2.850884
17.297768
7.865444
9.462918
24.956724
21.311705
21.931379
9.171977
4.309497
0.187356
20.330072
22.376933
2.699441
8.991257
23.080947
8.527928
22.099572
2.572858
27.384606
1.628292
2.278407
10.099709
9.388196
4.289554
28.532390
9.757109
2.557740
0.877497
5.738127
3.653057
22.225797
4.236677
42.955279
22.332279
1.755952
3.671456
16.377034
7.924301
4.912303
15.465116
8.512827
3.050480
1.407819
3.735355
1.711359
5.343789
0.493041
21.684767
0.670995
10.329004
0.698823
2.961410
5.163497
39.086758
10.119727
6.547605
1.544471
0.483123
2.115173
1.440510
17.305897
3.036474
29.531039
3.511330
3.362131
6.365607
1.065548
8.180535
23.760766
44.868346
0.150973
9.159789
3.892847
63.544294
8.368366
3.525295
42.363468
9.474954
10.163053
16.210432
4.870986
10.345162
1.428577
3.350720
11.054731
10.956284
37.128099
0.806265
4.903724
2.445690
12.835109
4.875355
4.871250
6.388076
11.768327
20.358365
9.299243
2.083298
45.559822
1.207019
5.597990
2.086781
11.785805
6.032168
5.735083
2.205767
20.554493
2.509331
7.052720
9.887981
6.598989
0.075926
11.066999
16.083444
0.820232
15.204243
15.838981
3.726349
13.236494
5.365110
2.799914
3.360613
1.596524
3.133825
0.901964
4.007477
2.349570
26.187079
10.106007
7.895339
10.092340
20.571970
15.180251
48.017694
27.811124
1.162854
7.396932
3.976982
10.866973
5.598407
4.840384
1.678260
0.291622
11.933152
0.064025
13.472032
4.794797
4.072917
2.442337
9.584743
6.581329
1.036986
0.247062
14.450569
15.291863
4.102348
5.457465
2.718350
3.679593
0.464618
16.904561
5.851381
17.037557
9.371194
8.405509
14.069619
16.942603
19.932511
33.492667
0.543040
7.174995
4.034883
13.017434
1.418493
8.468612
0.387160
10.731662
17.435917
0.286561
19.665729
7.449883
1.420547
9.300860
2.583512
5.086612
21.651919
4.135667
46.563978
0.878656
5.491785
26.082222
6.382772
5.907522
6.207975
1.001205
17.845205
35.109633
3.143105
19.163827
0.367472
2.379259
21.333344
1.730037
31.417768
43.130045
0.872320
3.127415
25.758392
29.571066
3.290697
10.267214
10.309270
3.151433
7.017470
3.400754
14.427125
1.060084
17.704634
19.079088
23.429807
15.384596
0.371772
6.809728
2.455646
2.256354
24.641410
22.064905
5.077602
2.309304
6.694345
1.270847
11.364010
0.510761
9.693177
3.321416
3.266405
5.542200
1.362038
6.849594
6.705517
9.578922
5.925790
11.741981
0.559950
5.189829
3.567594
4.854823
6.015657
5.007511
33.857940
19.470879
5.774974
2.400673
2.300130
7.666100
0.042858
8.528848
4.372909
27.524445
31.772642
0.347698
4.334781
3.718314
4.669392
4.587347
17.934562
3.202908
1.021426
12.609222
18.986595
39.312872
0.143330
3.988507
0.588138
6.818306
12.685227
38.409073
40.705229
25.802916
1.027357
4.955257
0.176480
15.126730
13.277464
0.884271
0.632795
25.679670
4.880439
2.289573
1.570207
1.622920
7.944903
1.916527
2.210251
0.123836
5.028296
1.186358
1.193100
13.363292
6.938893
5.430482
8.399299
31.739597
6.373957
10.691260
13.519112
11.907456
83.942877
1.117604
5.545854
22.024366
0.964570
7.602644
2.509409
3.384630
11.648774
24.834197
2.450409
3.857026
10.685093
10.016805
29.971824
34.783038
0.534730
2.600871
1.774097
27.732234
10.276480
15.509747
1.461880
12.148394
4.128812
1.463436
0.238507
3.853786
9.773960
2.350435
13.447332
0.055189
3.705600
1.727051
5.402825
4.148687
30.645368
4.331271
6.146979
2.781564
8.490722
0.045857
3.245389
2.809662
10.226669
30.021455
7.096625
2.037623
17.302217
5.148700
4.683218
1.103618
0.690249
6.061164
15.115248
6.250789
10.542433
14.528556
56.853031
6.220643
40.078804
7.771365
29.961951
4.486603
4.032169
6.432382
23.519685
0.130622
2.421823
16.940180
16.219662
3.753877
3.265924
6.541420
8.772144
4.414233
12.642310
7.736749
0.209220
1.935696
1.497687
5.601748
0.571063
7.275863
1.232960
27.617737
23.510290
10.990290
6.677979
5.375349
0.898937
17.506594
34.555805
3.786987
0.044984
3.419505
6.789812
1.047404
6.231710
0.100544
9.174131
1.326256
29.145014
3.172373
3.967612
6.547055
1.493863
2.561563
0.925110
6.142911
39.140205
0.601674
6.786514
13.514016
6.039829
59.552489
2.214933
0.694727
0.740373
10.195848
13.486546
22.132524
3.883696
5.556587
9.709844
4.398338
5.564205
1.459945
14.936782
6.722505
24.319397
20.435254
1.360763
18.170026
1.949424
3.082116
8.608301
35.447758
15.666597
1.844965
1.893956
2.753370
14.159164
3.503864
4.754171
6.787831
11.440314
38.862668
8.040825
16.173353
1.688463
18.550691
9.403011
3.193906
31.087028
6.902749
3.192212
5.499179
3.285925
3.325031
19.122216
8.590793
18.340395
2.422561
0.332146
9.341772
17.274656
26.818137
7.456080
0.743256
12.497437
0.375298
3.412334
16.175024
0.697301
2.146421
16.124114
5.896021
6.258757
7.562608
4.311261
2.125719
12.198623
2.454823
7.250528
5.317751
0.786305
8.825766
49.720313
48.658692
8.160716
2.242929
9.922390
2.084154
22.687117
18.438632
7.102023
5.236261
14.515885
22.971634
0.094536
8.509367
2.639058
8.468026
5.403631
21.933493
0.452272
0.461759
9.227615
2.114403
11.607621
1.825638
7.562853
7.319669
26.460766
7.510997
0.190075
8.238476
0.227861
13.210468
4.717913
5.782628
16.848998
2.577912
15.771046
0.199778
7.958297
12.108396
1.496911
7.852790
1.650937
11.023064
5.491176
5.983130
1.435528
19.483104
1.364111
4.455795
29.272796
5.015035
11.167541
32.553915
4.538600
21.084569
8.881433
2.651588
8.200259
4.829569
14.745426
13.744670
6.825066
7.779137
6.902576
7.931419
7.936399
2.906372
17.767473
17.481398
7.103594
7.244653
5.090861
1.042304
25.720715
17.499322
2.699153
2.249120
1.358171
4.107128
0.276157
0.803249
25.560451
6.645202
3.859921
5.452545
7.074127
16.433092
2.541119
4.673299
0.846798
24.696524
16.020573
5.088989
3.759414
16.898191
10.988376
4.443650
5.819465
1.199377
0.701612
4.402692
6.387301
4.411284
1.290512
3.126151
4.126036
12.458312
26.189678
2.766795
8.057530
1.944093
20.108026
6.491314
1.210250
1.928679
17.557452
15.817934
5.977628
4.344320
34.810629
4.856385
10.402988
30.069906
9.020812
16.226426
31.487853
1.713655
8.511905
10.495936
1.584599
2.975214
7.112830
28.115201
7.014507
1.148818
0.468926
12.377013
2.094763
4.806847
16.422117
15.310679
15.115472
3.092788
0.833591
13.808311
19.377800
4.747634
1.859515
1.483532
29.089918
4.274277
41.368521
9.800206
0.563669
1.170781
7.812763
25.914217
12.506221
18.567894
9.681224
14.178677
1.563881
4.410277
0.931154
1.853781
1.582990
16.654482
2.680036
0.077765
2.795180
4.060870
8.445412
0.460609
45.192304
5.854220
36.831754
12.805891
4.737477
17.376363
21.054843
5.706186
5.058247
24.763343
4.696194
7.330514
9.886649
2.178023
3.381924
8.264414
14.081807
7.952358
2.171984
12.639766
4.587083
8.990069
8.173914
3.748553
4.485214
18.701318
31.557997
20.183337
2.366455
5.027328
10.115509
11.569175
6.482726
1.249817
8.770619
1.356618
8.379037
3.772567
52.659283
13.121110
0.422601
14.028552
11.300329
13.123370
3.257782
11.793948
0.755091
0.122564
9.698558
1.909016
3.602932
4.147649
3.849271
8.076799
5.629595
2.509749
19.459627
53.072403
11.946915
5.955305
13.845296
1.518811
10.904680
7.194476
6.184661
25.118232
24.318371
4.142467
9.156886
15.321805
0.181407
11.010025
1.713926
7.657862
14.076744
0.354913
0.083225
6.372227
5.910855
28.481823
6.183506
2.949315
11.870822
9.461862
6.919702
6.424611
6.332108
8.363891
11.490066
9.848661
11.691617
40.376929
11.033803
16.399040
9.152917
9.137077
2.554946
1.672408
3.892927
15.765855
0.167645
37.480869
4.719235
5.278574
3.422375
10.497013
13.624027
0.475636
10.101237
14.269273
34.423617
3.965279
51.383064
7.878954
6.842381
31.076466
3.259671
20.644076
5.455985
28.990702
0.359942
11.527315
16.017784
5.369670
6.799140
2.890283
29.662173
4.157408
17.479108
14.689904
3.151641
0.068774
17.942427
3.218403
1.830531
4.621707
14.417379
14.497381
10.395922
16.223664
6.721233
41.682173
0.034657
22.429327
13.541723
6.029404
2.603979
12.283699
4.124151
10.267981
19.014946
2.325280
2.279943
17.271542
16.904726
19.454235
4.800038
0.928241
1.843361
20.259503
1.464022
2.947899
21.843377
42.925297
4.989477
4.143872
12.114426
9.961893
16.545341
19.581066
30.044087
1.770911
9.287016
2.665424
4.083631
2.964105
8.361431
13.035737
4.556395
16.307864
9.527905
0.845537
4.369789
2.484033
0.693749
6.338584
0.245390
1.743354
11.496538
16.854041
2.524986
1.023607
2.077355
2.460177
1.599048
20.201171
2.549090
4.363049
6.832673
4.379927
1.192764
1.858231
2.354632
0.063309
7.088175
17.278534
4.080673
9.550814
10.517306
0.654676
4.192733
1.038698
17.876372
8.541951
4.752455
2.696089
10.310303
8.034892
1.693326
37.786916
4.802182
10.178040
32.483603
4.760766
1.136010
11.342620
20.695768
5.375654
0.632606
26.557042
0.650150
3.688309
1.613511
17.519681
6.856430
17.175093
48.962369
24.559899
15.577583
13.338265
9.225989
13.921555
3.246763
4.335571
3.984602
0.107004
29.689539
2.193348
2.405686
28.675585
12.729967
25.842732
5.418640
15.020893
25.082812
1.012660
2.047398
0.430148
17.344227
14.682207
4.751649
1.874714
0.670520
8.606344
3.668511
0.002594
4.692043
18.152628
27.714871
24.259853
5.533270
0.338954
0.357263
2.260873
15.154375
11.606997
4.294854
4.953771
2.184964
11.406161
16.913970
6.168942
37.306968
0.805476
4.365706
5.670222
16.147316
31.220975
9.036522
3.445711
28.625266
15.046119
9.350010
1.661574
4.873996
4.781241
13.855630
17.791299
13.017236
54.648403
15.149823
4.311110
8.407800
1.411655
4.674668
12.244029
8.235233
5.563182
4.186259
4.564598
10.190638
4.897386
11.936835
14.835430
5.817448
11.838663
8.945768
16.059542
4.708494
0.216554
12.742319
11.175225
42.169099
6.160876
4.073602
18.255579
23.205765
20.854387
3.348317
7.347670
3.798734
0.652393
23.420768
14.125573
0.437724
3.839836
16.680514
2.034976
4.750342
0.219354
1.252195
10.135876
7.078654
1.269620
9.961835
0.564775
7.609850
33.545148
11.826043
0.766691
7.349553
8.695091
9.386584
4.031082
23.906444
4.066948
1.120418
28.055041
22.650264
10.060611
22.263223
12.402620
8.904769
3.035893
3.057345
19.833520
8.455266
5.476360
2.464907
4.160906
6.144830
6.273211
0.932425
13.354491
0.201563
4.871714
8.868327
8.610562
4.075699
1.452005
3.216719
1.514410
19.534443
26.777503
0.174056
1.806897
13.104398
13.761340
5.182233
14.746726
10.182026
2.076152
6.787243
7.117259
10.159964
3.749562
10.414509
4.330608
5.638782
1.913811
0.401029
9.928585
17.887688
35.588107
4.533624
0.789440
23.437251
6.670820
6.532541
8.477536
17.980323
1.940192
16.383437
5.379392
5.299847
4.898413
6.457657
3.415672
3.403255
3.993313
26.485120
3.786231
5.280520
5.173554
5.530337
4.732876
28.100643
4.752824
3.431672
35.530116
9.368838
20.590827
12.218279
4.558113
9.014641
0.648783
0.139818
3.514563
0.805201
35.167507
3.546977
3.874133
3.261128
7.596851
0.161664
12.035676
30.104806
11.627782
62.740510
22.852230
8.504337
2.581338
2.181889
14.876159
6.314503
27.006329
4.693356
10.242913
2.857502
1.749877
8.539948
33.872343
14.064074
18.670216
8.510340
0.708013
2.815390
45.171590
27.444168
5.522945
7.679067
16.465725
5.218419
18.308878
2.371241
0.879875
2.366819
1.102742
10.631448
9.104311
2.719494
6.705003
6.263706
3.301655
2.942614
13.210033
8.100085
19.941179
2.904130
7.670426
25.582151
0.226294
15.468361
9.493528
3.660721
3.220785
5.691995
7.718598
4.560498
12.055746
7.366348
1.109916
32.454757
9.615424
8.444309
10.645112
1.086370
1.583057
17.614758
13.290409
20.693587
5.453800
0.626929
0.111436
10.737936
19.840519
16.734354
1.380959
1.251578
14.740402
15.208757
4.362262
9.153088
11.345828
13.384693
18.402090
7.774266
2.038809
33.057741
2.493931
3.728336
2.900869
14.487231
9.933883
19.800085
2.852949
3.463382
16.958291
0.505167
10.022991
11.163951
11.048234
7.175690
8.422119
1.064809
7.843303
6.419993
8.279016
0.121139
1.714938
4.577964
3.317676
14.048063
1.747217
18.040674
24.194310
3.322540
12.190960
8.311063
8.600675
1.976774
7.230817
1.957084
0.777571
3.069489
1.188674
9.967163
14.983463
1.371891
10.075712
9.689164
3.049650
6.892189
1.030144
20.627530
6.042719
26.716367
3.954278
0.391140
8.273689
3.183800
0.413847
4.624102
0.409138
19.859441
2.702551
43.303406
10.302444
10.967374
19.612636
1.665343
2.876749
10.380208
2.672484
22.584804
25.037641
60.778143
15.012802
9.720441
8.500435
4.522208
2.982238
2.793751
2.003601
5.975184
11.105576
10.335130
1.962860
2.380997
36.527264
3.261133
11.384748
10.304697
1.912954
2.658528
0.073053
16.778674
0.234731
12.463482
7.508087
9.934604
1.776952
7.189581
2.572035
5.138327
9.047777
2.374687
1.451943
2.155452
0.704444
2.195759
0.127632
0.033518
1.318062
1.642787
20.850141
5.427161
54.780706
2.577548
8.215533
4.032846
16.036151
1.439532
1.241919
13.680687
12.037587
6.116103
30.152642
0.834633
12.496040
35.103565
5.627847
29.495362
10.977702
0.437417
4.054786
13.191304
1.549059
6.836221
10.320119
0.767883
2.839168
1.659915
15.746233
0.777372
1.213902
1.784385
0.365687
12.569660
32.246499
12.480384
14.754487
5.768456
0.407044
14.829614
7.117617
8.618085
1.258101
9.592866
8.858081
9.048409
1.026855
1.968046
4.612323
1.053624
3.782881
7.486345
12.590394
7.021007
8.769286
0.225812
0.201525
0.067421
3.499906
24.320492
23.822948
7.244830
1.644028
13.804680
8.218341
2.625301
1.998637
26.695106
5.226593
12.115577
3.820285
11.039949
24.111698
17.271003
4.825350
11.255734
5.898751
13.945725
1.697368
1.885299
7.600661
11.985390
3.119469
2.047489
8.018113
11.918336
0.937186
21.990605
6.668758
6.729172
18.623374
19.607823
10.120542
13.237542
1.093613
9.619008
46.100687
36.940607
13.135385
24.005283
3.158369
52.778259
8.391661
9.158901
12.931364
9.037083
1.123777
13.035977
7.700644
0.305794
4.298847
0.641456
11.791023
0.200094
7.117150
6.977966
1.528803
27.502338
9.054449
8.231835
6.343862
0.216233
0.314958
17.860512
3.013527
10.897742
3.003478
11.177701
14.254036
7.651333
1.146301
0.786564
7.332376
4.776189
10.278382
8.188951
3.682613
0.080470
16.483462
1.292953
4.358378
4.102194
4.610325
7.019570
12.591636
5.214507
45.333854
7.819090
1.953800
3.205053
3.298741
8.466289
1.470342
0.504600
1.649400
13.992285
0.335281
29.830916
2.196512
12.913921
0.636388
10.895427
0.462801
3.535814
22.312236
27.472044
25.185299
3.843563
7.345407
10.799485
0.134696
2.712725
3.257774
29.904175
12.010858
39.820198
8.146120
28.469913
10.048259
7.701230
17.822203
4.759975
4.602805
22.374165
24.150192
29.123357
3.964105
16.352111
32.420097
5.478568
6.038023
4.341819
4.431360
44.261189
2.886650
4.972246
0.415901
0.328988
3.135367
3.752753
7.376078
5.156310
6.771814
7.404324
4.783214
0.627307
37.660345
21.651512
8.363597
6.941786
1.759240
4.991411
0.748564
4.119336
2.156886
7.537480
10.479372
14.917035
28.708342
37.993967
9.215316
7.083320
6.584920
3.360106
13.906453
11.672667
5.325943
5.362155
13.757586
2.667191
32.162681
0.225367
2.404685
2.311885
17.176116
12.018033
1.254371
3.630335
20.725587
3.928952
4.519922
20.996885
1.667895
11.816598
4.700032
24.585004
2.008591
8.884013
0.188076
0.656320
17.540069
0.750981
10.843852
0.609958
0.987565
6.676134
8.179340
6.453149
10.297032
5.012069
10.511108
16.740493
0.895108
42.208416
4.862568
0.625752
10.065726
3.570388
10.328084
9.823591
12.785978
0.495220
6.923422
1.057041
2.662101
4.838435
12.229757
8.373310
12.127185
4.251304
2.511527
22.737745
0.004931
4.298653
1.466229
11.680701
3.834151
3.117694
2.417912
3.023990
22.677765
3.066677
8.141871
41.272117
6.741699
0.685169
0.075671
2.585699
23.957407
4.711520
3.978598
17.626976
26.310679
16.734318
2.279653
2.853614
1.627767
2.379806
11.771421
3.196092
1.961548
13.648954
16.224387
15.345168
10.802848
0.276474
0.026996
12.479092
10.626171
3.207630
2.760903
0.037254
42.370856
3.638570
3.987858
12.117892
8.175187
5.320705
9.213935
1.526048
6.701978
22.120047
3.883036
0.416764
0.821204
17.164868
7.142785
1.831825
15.222560
3.957080
1.941078
8.477063
11.537793
16.828337
3.254618
13.595124
17.212576
4.829687
6.198776
5.988130
2.475563
3.713801
2.476136
4.163348
6.306720
1.962851
12.299693
9.861204
16.348894
4.886605
16.816073
0.306654
11.598250
2.475798
8.784951
4.252726
5.618067
31.122504
13.306658
8.109919
16.542435
0.529225
15.209240
1.712098
7.776861
11.701791
12.997888
16.957076
10.651473
0.210117
0.818644
6.190001
8.977778
3.147824
2.429031
11.571402
16.633465
2.088701
3.379258
12.038840
14.555456
3.490687
12.052642
7.110314
21.450283
0.158049
21.779174
18.771758
12.586504
1.396545
0.468104
2.942589
14.011969
6.822650
7.309279
14.003833
0.710651
20.259423
4.567300
3.011737
17.268113
5.441430
5.868499
1.407889
2.729212
14.332081
1.609525
14.460914
10.826610
5.122451
4.814550
2.756277
2.909723
12.523768
21.685200
3.675391
22.626333
10.412539
5.880292
7.371475
10.512202
23.189658
1.702201
0.585340
1.276415
7.483758
0.378902
19.137956
6.040941
10.348743
2.741822
4.811086
12.088573
20.438583
0.601869
8.323907
1.744457
16.448651
2.549895
14.319051
5.986976
28.145668
9.251532
2.611031
8.796604
1.087603
0.187602
0.587568
38.247817
11.041896
2.032557
12.313143
37.565476
10.436081
14.620576
14.998166
5.272977
18.642739
18.210664
16.525158
22.310670
7.113718
2.068124
28.017552
13.113645
9.957181
5.462355
5.610261
9.872498
19.883476
32.395934
1.806879
6.282988
16.469056
0.176035
13.005371
9.067734
4.027586
4.497934
8.232144
11.642050
9.795743
5.303955
14.371354
0.248867
8.316788
0.921982
8.709392
12.996689
33.261658
7.831836
0.407275
0.697932
16.305053
6.677815
4.207158
8.710344
1.860398
20.172973
6.775367
3.632098
15.804962
7.356715
27.814345
0.364627
11.110144
2.488381
3.797411
4.387040
5.317852
3.022740
5.824768
3.961925
6.483130
10.276312
7.396896
1.664574
19.871788
9.755059
1.469592
5.939485
3.868977
12.336617
17.804506
6.743982
18.485480
16.742702
2.590433
2.162212
3.010933
9.739149
3.110904
5.786488
0.059724
47.200169
0.348240
13.575345
14.055040
18.746490
3.411896
1.050234
14.098617
16.873848
1.796528
19.742747
7.796198
14.657944
9.512825
2.030424
1.974250
2.324076
13.163432
17.484795
22.524086
0.626784
8.882875
9.457528
23.692925
0.435740
12.362333
17.815260
18.957777
8.363968
16.028614
7.117500
0.240932
3.123355
10.066447
1.714024
9.627589
2.735140
23.986539
22.952898
4.070948
23.845777
4.094247
17.631364
13.978431
14.925484
4.642802
3.906935
3.025735
3.556075
2.721537
4.676171
20.120149
3.524301
1.279660
6.697978
2.198364
1.234486
18.873605
3.207042
4.313845
2.151683
21.370660
5.682904
9.706860
25.094628
2.098189
34.553904
9.750392
1.449518
1.912854
14.840395
31.269191
0.228241
7.613972
6.600892
3.470346
6.736140
7.132053
16.765525
3.406837
2.961110
1.182788
12.201424
12.162890
8.995906
3.837052
6.504352
11.829059
7.601715
25.438332
9.352158
1.578162
0.007876
4.475008
12.694227
8.490775
5.189583
12.763800
1.931616
1.223503
1.081797
32.104128
1.218622
28.214037
4.823451
12.932686
14.027158
6.323676
13.304295
0.116881
2.171016
2.113490
5.282409
11.509339
1.682081
1.316884
8.078564
27.062140
0.436834
5.279298
2.977255
15.385243
3.943881
14.733370
11.731529
7.512232
6.132394
27.534215
8.379893
1.789393
23.479732
4.563861
2.294152
10.602478
11.108744
63.172661
9.259514
19.679482
15.023601
14.032754
3.581688
3.807403
14.448219
9.287050
4.912507
5.450768
5.510468
1.716672
7.099018
5.516805
13.280371
1.913642
7.604682
6.131622
0.795687
1.247620
15.503605
16.299914
8.521201
12.785074
9.675622
0.871431
3.345533
2.305484
4.530524
12.215049
9.534436
13.452074
6.441883
3.244191
1.165994
9.845335
5.273379
8.340231
14.438534
2.636265
18.633042
0.470969
5.216190
5.060423
19.166485
3.783896
11.908037
5.393476
2.699833
14.454424
16.461541
3.289606
7.614800
16.047828
4.882153
13.369524
2.797577
6.018823
1.633842
4.175379
2.440945
2.036181
10.131710
3.619702
4.035473
1.606381
4.442536
25.781197
3.822679
5.898218
0.149347
11.092758
2.496063
1.529385
16.965810
2.378309
4.699971
2.546678
22.732819
19.585791
8.732526
4.321463
14.011877
5.417065
0.614928
10.167174
16.906345
9.479525
58.052555
3.444871
21.883192
24.045119
2.341723
9.654567
13.009448
14.075244
4.646110
10.193757
2.639303
8.917010
10.957919
7.400805
0.445275
7.606332
0.405888
4.532345
17.309956
4.858533
45.042162
15.242061
4.325923
24.894317
6.056323
2.739760
7.093823
2.059385
12.955884
6.596289
1.150606
0.990053
17.082005
11.938794
28.349956
16.031567
11.747152
16.274735
13.519068
18.771212
8.203568
20.019088
9.180929
11.746116
12.974152
12.065143
0.241246
10.108463
2.730488
0.958485
53.760700
12.131275
11.170084
2.848941
16.214311
0.631276
18.608701
11.042361
2.094506
0.712157
27.492122
5.843704
4.593752
13.862394
7.912174
12.354507
0.372215
3.133568
14.257596
3.378478
34.122177
2.405269
0.734782
1.454567
11.000965
4.658842
3.063145
13.276820
12.945755
6.174040
3.530144
3.890674
1.785732
18.578757
5.655943
2.087498
11.921239
16.461534
5.083877
0.053194
0.203941
17.917046
11.527456
2.088361
15.565041
4.754856
0.355140
1.809894
0.987601
5.568816
0.150221
11.462640
37.877107
19.825194
0.273244
21.794336
6.135547
3.415324
2.722064
12.449054
3.410023
2.327630
0.335250
10.791235
4.371375
27.106503
13.831206
31.851937
23.746376
5.557117
4.846082
31.680557
1.479676
11.204303
0.382403
12.125767
2.070429
5.945840
11.509687
6.155506
11.882333
11.990914
15.051757
4.386350
3.843371
37.690569
20.703783
13.074495
2.349932
3.982319
6.797675
8.747879
20.119332
5.041040
2.396243
27.580454
10.729384
17.797671
0.712043
14.971982
47.490457
1.086632
4.087887
19.602392
35.482606
1.871561
0.516932
22.923801
1.876681
10.774586
12.441980
5.175225
10.478129
4.909559
1.002838
5.053252
12.622055
15.227390
7.569352
24.048128
3.639914
2.108416
12.289271
5.001878
3.053125
8.680697
8.276796
0.627595
0.088912
0.859270
19.775464
14.197098
0.978631
24.087317
9.832970
2.312163
1.518441
4.133359
0.693193
0.348306
0.278553
2.278186
2.185897
9.763020
5.017148
6.287836
24.297372
21.575687
9.729388
6.483845
12.748007
1.661442
1.559980
20.539781
5.235236
15.343529
13.216242
3.211094
7.439203
0.631169
14.803208
5.982981
0.102763
2.729919
9.047556
2.289158
0.002934
17.025956
36.094614
1.840095
2.026924
6.793858
4.342860
2.841610
1.766640
26.687314
24.484717
47.335661
13.615283
3.690046
5.075735
28.989963
2.534235
26.139296
0.670966
28.507291
10.018041
26.562920
17.195863
46.093531
31.525701
15.472732
14.669387
7.338226
6.931098
1.483396
9.753309
18.539294
10.145162
6.134760
1.126865
21.354835
5.276074
19.840652
7.362757
5.120504
0.476788
6.707086
1.670783
5.505921
4.050269
7.781379
26.824949
36.720312
7.508789
23.944906
2.735069
21.157198
2.936424
2.836138
13.586114
16.901730
3.074760
4.329779
4.324088
1.865476
2.665968
12.018470
15.148898
8.746548
0.768299
1.759984
3.155235
9.932069
0.641066
17.076528
8.983932
2.165302
6.591987
1.537899
11.382531
3.710895
18.764171
15.802006
10.481927
1.914350
3.507336
17.372014
3.735448
2.389039
7.755436
33.385188
10.332598
20.616608
27.230225
4.127882
35.840666
2.665497
6.231361
5.310119
9.445518
35.082014
11.400565
16.190152
5.317852
40.769270
10.402394
16.699832
1.803622
3.194082
42.655396
0.761802
0.956361
19.871850
7.920572
15.655551
9.173685
6.092175
8.121746
1.713092
1.810414
5.659182
0.925286
6.980154
26.968660
23.821383
16.911418
5.209641
11.654391
5.036513
1.701632
8.606423
25.934428
12.632638
1.151445
16.206979
5.239676
31.171948
21.182911
1.928104
2.540506
4.589652
2.775567
14.103458
3.754283
7.580274
1.391758
1.857988
15.289448
0.250271
2.067240
4.485984
3.180607
14.447023
30.974799
28.285065
7.554076
7.482113
51.607082
8.557159
12.788836
10.295651
10.490141
10.582646
22.649611
12.667411
27.250234
12.136584
2.965892
5.416026
18.381041
11.245095
8.391242
2.851895
6.751368
21.034295
10.858926
7.518358
4.696139
10.170901
16.183375
0.281068
6.419786
12.225565
4.809005
0.731451
6.175270
12.902956
11.426519
27.761129
2.253629
15.399900
2.463281
1.570443
2.002856
41.227751
17.327800
3.067962
2.925448
15.806242
1.649300
8.048610
14.132547
18.842024
27.880788
1.507905
31.840999
7.153612
6.571426
3.702217
6.435704
5.924959
2.070259
3.143781
8.353274
8.166463
15.410005
12.468857
5.191318
1.558258
7.940204
13.497611
4.306262
1.033659
12.051729
18.593591
1.026059
35.062767
29.449499
1.227147
11.384622
12.595716
3.963875
2.117289
9.084450
8.427096
7.066601
6.146134
1.680886
65.814638
24.144332
7.624423
11.760817
19.293774
1.417976
4.115797
0.523927
8.975552
0.529372
3.464190
4.201267
1.202175
1.127108
2.623402
1.386809
45.882755
0.541076
2.908353
6.879834
3.530230
2.400409
15.052568
14.767451
6.514725
14.203727
10.466690
1.896136
3.902032
0.023420
18.149063
3.332920
3.608878
0.673446
5.900388
6.563537
12.883969
0.952427
2.333556
3.282760
4.755156
0.186998
3.390080
12.595823
38.073010
3.452059
3.867820
0.940635
2.312870
36.134377
22.744356
1.208830
14.987479
7.348369
18.715226
1.554348
65.363952
0.744852
13.538857
9.397808
12.272019
11.496822
14.448524
6.519868
3.173288
14.258344
33.116718
0.189570
11.083062
3.787883
14.540771
0.516734
4.834660
6.689959
2.115960
6.043948
2.064124
2.305422
1.948809
3.736217
0.306735
5.720311
4.132932
0.536167
1.481576
5.318395
0.680851
8.313866
11.286135
7.312497
10.694228
12.539491
18.359540
3.358510
6.113476
16.848799
41.959883
34.111884
0.186845
33.298044
0.586067
5.428627
13.848895
12.201035
0.188847
55.155652
13.512316
1.326579
5.041214
19.435716
4.570963
3.449524
2.033856
9.787953
1.864040
2.849427
3.884620
8.328396
20.251008
6.835698
15.977979
19.675772
1.418581
1.761760
4.695964
8.214341
57.452480
0.419078
33.217616
13.954989
1.503248
13.105811
50.134439
5.554923
5.786655
9.872266
16.920563
1.888708
0.925091
4.377702
6.442230
6.732132
0.412862
5.826752
14.917346
1.039363
4.053115
3.694396
4.388244
31.586418
9.468379
1.405426
7.250961
6.181651
17.203688
1.375638
6.875514
15.435863
5.497765
18.558815
7.740821
1.102813
6.251254
0.946591
10.326216
8.563643
23.529926
3.465215
9.084483
3.011152
11.820637
10.728876
14.546126
42.118380
1.113111
24.723170
5.822756
10.254663
3.220523
2.056336
5.643379
12.659449
4.519968
13.062885
9.769213
3.849562
1.502342
5.713250
3.194524
4.934811
0.157024
2.964268
11.283609
14.919880
10.435302
5.862722
15.729495
2.189780
10.517575
2.668150
4.961281
13.575510
13.725746
0.008029
25.445730
2.401445
0.207676
10.497985
4.964020
6.053701
24.963418
12.208877
4.266521
3.992658
4.945739
3.804761
1.825136
29.764743
0.273237
0.904301
1.202086
2.394206
0.959115
8.584654
13.385855
11.407471
2.739216
17.258397
8.096796
5.537415
18.416590
1.741580
0.079525
7.438470
8.618462
25.967327
13.398579
0.333670
7.035172
2.899730
3.663164
0.089052
9.103213
14.924297
5.463530
30.933373
5.021150
1.363931
22.398120
3.216333
27.386050
0.715271
4.470575
2.766440
0.787423
23.954607
4.428170
31.968208
1.678527
1.960515
63.186578
2.470221
1.799670
16.311676
6.127152
24.030206
2.546385
0.716318
6.152041
4.017063
0.291125
14.867394
0.825196
1.146953
2.840104
1.551366
1.594360
13.047967
3.006087
6.248051
0.074348
1.205712
18.619713
8.870073
15.491262
4.526134
1.179359
2.270808
12.903175
0.642646
5.836918
9.053615
26.336740
6.925208
0.029316
1.570052
26.478356
5.630323
5.105631
6.315555
0.111312
12.080684
3.390691
33.447390
24.750410
4.602244
7.490656
4.576866
12.506368
3.693400
18.646037
19.762529
6.095775
18.069701
15.129982
2.777025
10.184407
6.048184
11.758661
11.075097
16.575110
10.340990
1.948364
3.853392
6.950325
13.601508
1.589124
11.277099
13.461477
9.836406
1.919469
44.932045
8.839847
2.142115
3.196353
41.805180
5.577253
1.954132
4.142297
1.502128
15.837815
0.379004
2.910404
23.211419
9.607990
4.166414
16.478077
5.121072
3.484137
26.792067
0.249392
11.975785
41.592837
0.583779
4.966346
7.290650
7.275115
8.905870
32.615955
0.836966
66.161457
17.292553
4.578110
3.033272
28.936680
10.063887
6.832134
2.039641
1.920075
10.121012
9.582795
18.190082
7.798167
4.983366
3.227862
4.153696
3.362525
9.761911
18.903072
27.561593
16.440116
12.215448
0.840780
24.658017
4.449831
7.829313
7.692334
8.299145
12.145659
3.687784
9.011701
17.748308
13.486499
6.721476
4.983589
61.693396
13.781811
6.035814
14.777044
2.457812
3.483578
3.727137
7.412661
11.341444
6.755201
3.216679
28.953997
12.313428
11.041618
6.787327
5.888122
1.922700
0.039430
12.786946
8.416606
18.178838
10.839745
13.171609
2.268334
16.957812
1.036160
5.471607
5.281108
10.933671
1.133380
1.820641
3.786227
21.288437
3.324848
13.243840
12.225833
10.100794
10.322963
6.807050
32.361879
3.150424
10.619183
14.722835
0.078164
7.903110
10.535849
20.385666
7.711051
0.430924
8.369199
39.543522
6.499077
6.422239
5.861513
6.051566
11.239114
6.759789
3.787204
9.781417
0.677921
3.295477
25.422785
3.995149
5.668234
1.015882
0.125384
18.739124
1.772378
4.348470
16.176501
0.892537
1.394232
20.421978
0.702674
4.839626
20.411575
10.449688
1.722095
2.282296
5.268168
5.968443
14.177384
8.658614
37.145884
3.006311
7.065883
0.424714
4.597585
45.362345
21.873583
29.330771
0.648448
27.355189
4.611198
3.716427
26.259642
35.460673
15.517751
4.464019
4.957134
1.490637
9.554774
21.759645
3.205707
29.078360
14.634377
14.978412
16.879117
3.789929
5.321966
17.910409
19.561992
2.265642
0.978773
2.647627
3.639478
0.794996
5.854754
5.566904
3.066445
6.265718
4.789533
5.485179
0.109832
4.652422
8.098413
22.827379
0.462963
7.693481
5.130548
2.153501
11.568643
7.308235
3.567641
6.331967
8.030577
3.092755
6.167983
4.761571
8.498046
1.055808
0.760478
11.634863
0.942049
16.745419
3.435558
34.027608
4.879974
7.423099
10.177080
7.236376
5.020989
22.658470
7.857113
33.861225
14.210086
14.004538
3.267027
4.513711
25.922140
5.594444
7.614798
22.611977
94.792846
8.304155
20.435823
34.204690
9.743148
26.120649
0.767278
4.853989
12.282212
1.274695
18.328274
32.989645
0.933125
8.726087
2.143618
3.166691
1.879755
4.742605
1.744895
16.187076
35.618495
0.782653
26.923440
1.829779
6.352820
5.017017
0.441196
11.978405
16.299845
1.764763
15.280470
0.867031
1.660273
16.538745
1.605207
25.934518
7.777336
15.404027
6.619396
1.934816
5.474675
12.709879
6.558905
13.756376
13.118859
7.726788
0.549268
6.437314
1.966832
6.946675
28.256962
22.447403
10.972845
5.557879
3.317976
19.483437
7.584998
5.216419
17.996786
10.400387
14.251426
4.121548
2.405307
4.255588
13.445380
8.256882
3.707091
7.005507
5.540001
12.138234
19.263484
5.262235
2.660620
4.178647
11.438926
2.012048
20.003875
25.512604
8.859730
12.796192
8.291153
5.548681
10.964378
13.511489
1.987503
11.493282
8.965803
24.838813
0.401535
5.200962
0.898271
6.056884
2.118295
3.567020
6.754752
10.260161
36.524591
0.717953
11.279622
22.920347
5.271332
1.008724
18.528367
11.477273
11.981411
21.616708
17.197027
2.966355
11.343331
7.548471
21.800469
5.436682
21.519819
0.044014
0.823551
2.743453
12.030627
14.497137
0.737361
20.155314
7.783314
16.776495
3.168170
1.847065
3.419721
37.758811
14.618893
14.216324
10.881996
28.505304
19.267444
10.911376
6.409503
11.798748
1.083213
16.858103
28.676451
1.261823
4.834901
8.414287
11.860272
9.564547
5.546126
10.164544
19.105214
15.355774
3.052801
8.628561
50.708689
11.127166
9.958288
8.221169
9.693565
12.919370
1.518720
3.107507
0.925867
5.227962
0.879111
11.099653
2.039831
2.082528
1.626741
6.332812
6.092149
6.577860
10.263152
19.192365
11.945891
5.578145
9.860455
0.559193
15.308918
29.468591
10.388247
2.616519
12.113592
15.577058
5.928716
0.536669
1.586300
7.813176
1.912333
14.729676
0.366769
3.450347
6.488958
3.579643
5.866202
14.812648
0.917108
13.300205
7.328921
16.151306
27.594273
8.502252
5.357977
3.139686
0.420260
12.158604
0.407165
7.887907
0.782599
23.332904
0.875308
21.969982
1.508923
5.401138
10.053429
4.063990
39.628998
7.718030
0.550016
2.318099
7.880135
3.514708
1.026496
5.589413
18.940069
2.785652
2.256482
12.364466
5.975065
6.177704
7.625306
2.242705
2.306950
6.533379
23.711159
10.784446
41.485135
2.814078
8.052396
38.404048
3.852956
42.284466
2.277203
15.264148
5.128026
0.483074
12.443569
14.903979
1.234718
2.457948
4.290081
4.424222
4.734795
0.218471
4.602641
37.012089
9.085124
9.774435
11.953530
36.558877
3.970630
5.844517
14.562024
3.468577
15.332669
25.952824
15.417795
42.979798
2.927307
0.049980
5.707464
7.234610
4.614108
4.457579
4.159153
12.979359
0.394420
1.974876
15.029681
4.528867
9.050968
1.690992
11.669505
2.124429
0.745617
15.748638
23.297670
25.919370
16.256403
19.703960
7.367992
43.173421
10.309678
3.807885
0.991211
1.731269
10.421025
12.277945
5.812520
17.516184
35.957321
8.685490
16.606691
0.529599
1.517728
2.250379
14.840305
16.965721
5.365026
30.320303
5.257203
4.832721
0.702296
56.208890
13.079300
15.060384
2.471462
29.820706
9.585379
16.461486
7.046018
18.152099
7.523856
0.220949
3.911185
8.310280
1.249490
12.734001
4.844938
4.517759
15.959485
5.074977
4.736614
5.219233
6.863344
26.802040
5.148284
6.024332
35.399007
4.469423
1.623083
7.899534
8.961066
14.732941
3.785949
7.139369
20.145854
37.687082
17.647721
1.306824
0.686597
25.383217
9.991593
0.447879
15.400117
7.110591
19.349347
12.226928
19.007844
9.502775
12.938166
2.413981
3.111435
5.038491
0.882958
2.350263
1.567141
8.646812
20.024328
1.431137
2.653069
19.192542
14.300051
13.253839
1.166907
8.167831
14.843319
2.977135
6.211049
7.091895
6.874803
2.601205
5.254006
8.089819
2.223975
6.532255
1.184550
12.520884
6.203048
0.985602
4.722672
2.524022
2.738980
12.359988
6.509287
8.701698
21.303840
29.885427
9.676384
5.413498
7.214476
0.488396
9.142119
14.633216
12.600151
10.429909
3.280425
2.795593
16.206214
38.119749
11.876947
9.096499
4.831798
14.986602
1.111940
14.376692
14.687624
3.935379
4.341324
12.216715
4.575790
3.225499
9.602495
5.574248
2.735644
34.562947
30.970538
1.110828
7.326247
0.323543
5.547673
1.653546
53.485801
16.711803
2.312645
30.600060
10.601074
7.782503
3.066604
1.631301
15.920478
0.759944
2.788341
18.577944
14.042267
13.942519
7.738653
1.937548
7.363534
7.293268
10.535142
4.908872
1.775674
2.754478
4.792777
4.467679
0.615398
2.669117
0.825947
2.242812
2.098364
14.167452
17.805353
32.530133
7.668984
2.123980
9.952487
9.100291
2.725795
0.263774
1.186480
11.253628
12.961989
13.980120
12.315647
0.240666
2.097071
6.066063
9.128749
0.839809
7.693206
20.548711
1.004595
7.598777
3.075399
1.961292
8.492263
6.390359
4.136032
9.609326
6.079639
26.513558
1.750252
2.170873
0.397903
8.333699
0.625797
15.672634
4.407340
6.108919
15.991582
59.771272
12.322392
5.664105
21.742083
5.577204
0.437356
20.231423
11.572983
5.485485
5.136741
6.580157
22.981758
0.680363
61.275582
12.400661
5.892383
25.366049
45.834720
3.549499
23.138783
0.980318
10.205037
1.644726
0.326285
3.476369
2.570996
5.171818
24.952781
6.914384
12.284784
7.624116
28.008668
5.344696
4.638129
10.533955
4.962177
2.766607
1.072711
3.099432
8.992689
0.864168
1.803326
1.996255
15.754689
1.187258
4.337903
15.516608
5.395920
16.583512
0.839762
21.481512
1.249154
15.176913
0.420827
0.101095
17.875406
6.128662
7.908026
9.378861
12.099917
1.187996
7.379219
0.794819
10.241106
0.360297
14.595079
3.004904
23.084940
8.857763
3.029707
4.628313
7.253048
1.813156
4.642148
2.906934
10.539880
0.620070
0.804905
3.234425
0.328432
14.600849
40.874662
10.845830
3.289417
4.956152
25.171177
0.809252
33.473486
7.205905
15.192698
0.861640
6.452197
3.395544
4.650020
15.946376
3.672322
19.159358
8.486643
3.693751
36.947935
0.582749
0.966542
11.034615
6.607054
15.920802
9.585811
9.682210
26.680182
4.614280
11.542999
3.369987
0.422285
6.936468
2.396233
18.874719
1.705172
3.115840
23.058531
3.155559
7.846461
7.793450
10.640416
2.159725
5.179709
27.201911
0.835293
6.277268
12.917107
0.483951
0.132699
2.486827
3.917977
2.871201
4.727266
11.110895
7.106139
0.720454
4.194726
7.562270
5.257375
5.648569
19.762140
4.133377
3.542366
6.470665
3.253040
2.194694
17.079577
7.708933
2.730920
24.823848
5.416117
0.865259
2.869064
1.834946
35.922400
5.406374
16.806083
16.488344
14.581460
1.478582
15.868031
12.656491
14.930082
14.823633
2.649343
22.891259
2.567715
13.625512
1.295819
10.973797
29.581073
1.960750
3.202105
7.914651
21.297724
12.552218
2.426676
4.583373
9.409781
1.288380
4.236484
2.372610
4.059550
15.817559
8.364617
11.861897
58.756182
30.557643
8.117214
1.390295
11.403165
10.289271
7.120084
0.253330
11.020817
3.375313
20.923903
5.253106
9.019427
12.704470
9.264644
6.186531
0.630177
11.860000
8.118144
4.347224
20.234930
2.516347
1.659486
4.664576
3.413200
8.345740
12.185521
14.054107
9.170811
1.215699
0.470767
3.948525
16.906837
16.587446
11.029008
3.754647
5.439131
9.628226
14.367441
59.588024
12.225276
12.053580
0.197700
1.470194
3.442984
0.466134
2.248929
1.480705
5.034816
3.638307
18.571646
3.018939
0.248406
1.017309
9.626879
9.168779
7.462800
11.487096
5.352248
1.682767
6.698756
16.466673
37.404252
24.095050
26.938061
20.058879
11.733570
10.914087
2.360132
1.610734
31.018297
10.378570
17.289018
3.103559
13.436113
43.253998
23.081158
0.989576
16.308659
17.178244
8.711396
8.499085
4.900886
27.320158
20.780478
2.549859
6.875799
66.787848
12.982638
15.621574
3.654514
1.694056
22.086211
0.706834
0.148593
14.666629
5.562381
18.009946
4.659251
12.311308
5.827145
2.535771
4.679113
29.838829
65.038354
5.097269
2.438498
4.744955
6.852143
1.899323
0.710808
2.840154
18.997702
10.641370
0.474149
8.757032
37.686841
26.708911
2.367329
16.172260
0.138530
0.440389
51.198480
5.296493
4.490073
0.899673
12.261423
8.925334
0.018604
6.686553
1.145377
0.704435
4.244980
2.568736
1.858070
2.855223
1.091072
1.050134
38.738864
16.143919
6.294979
9.551237
4.724568
0.197065
17.555767
12.668820
4.261837
5.822068
1.219571
2.981646
1.189966
3.240622
18.038545
0.561214
13.375817
0.604346
4.945556
3.497333
7.491364
5.311605
5.446837
0.609836
9.918784
1.614057
2.529802
36.889125
97.785245
0.629079
2.219124
5.940515
3.191060
5.175220
7.944622
4.087315
8.526180
11.346498
6.995981
17.795672
8.860667
3.015409
11.935797
0.916697
6.247285
31.164881
9.616472
3.713786
0.165395
0.288505
13.685409
6.186836
3.131024
5.330373
0.116189
0.332849
19.881790
18.974815
2.376315
1.882598
1.313464
3.710168
12.590917
14.753112
8.923009
2.099531
6.013636
1.690375
40.662450
3.936286
0.861949
1.151276
8.868637
0.023417
5.223208
3.969626
2.013914
5.212485
8.722771
4.097818
9.992043
8.394367
1.842485
23.021344
18.939139
0.931157
0.683912
2.928418
36.865054
3.979979
6.356529
12.847129
5.753230
6.509700
6.076159
1.023113
13.856879
31.530550
7.860143
0.587871
13.590189
3.024926
10.628029
13.044464
1.661573
0.307747
0.640961
0.476115
17.700206
0.860242
6.512593
15.056090
19.764378
6.003968
7.266377
44.456037
0.112448
28.199011
24.380736
0.275453
15.218178
1.895678
37.191070
8.026959
6.624826
1.299611
37.143409
6.460575
17.133724
5.350355
12.140961
0.276829
7.116235
13.505834
11.139587
1.742456
3.233527
27.140628
12.228098
0.718099
1.405554
5.782555
1.351230
15.975544
1.410686
3.998102
4.117656
1.990145
12.271764
2.769660
10.549545
1.736193
6.676099
20.113316
17.585369
24.017835
5.315298
7.453793
32.451734
1.594693
0.898934
65.493201
4.832653
18.882027
1.523757
24.474742
8.561038
2.031979
0.392184
22.352210
15.303656
3.637763
30.625085
9.559462
73.956750
5.425174
21.071190
47.017288
9.007849
11.265630
23.171816
14.716369
9.903047
1.022092
3.992394
4.571083
3.915711
15.592233
8.968913
4.212196
21.013250
17.650697
0.376776
5.061983
3.103223
2.701880
3.674950
0.244132
3.406674
14.845364
7.575542
14.382785
1.219418
20.673325
21.002516
15.412716
8.009772
2.216372
20.590911
27.375417
6.845861
3.263024
7.771224
10.904851
4.029061
14.917204
3.139319
35.850297
1.184535
31.384389
1.356181
11.838830
4.880131
10.186229
0.904772
3.711021
27.880044
9.596320
5.149690
1.714426
0.056469
26.641125
5.344064
25.566926
20.621250
1.211033
19.373283
4.316866
6.156256
26.211640
1.888446
11.770644
13.103465
41.644425
5.958683
4.168236
2.225707
5.734437
4.305466
4.175160
8.796934
13.657438
0.694784
2.843809
8.720930
7.815135
1.461994
1.174587
2.069682
15.852129
29.223033
0.544661
10.084010
9.725538
5.551072
0.900275
0.352585
8.084016
15.616363
10.546254
7.657754
15.940227
6.814389
9.199062
2.930542
6.586948
2.279422
17.112090
13.386308
12.269082
77.692557
12.721755
6.870579
2.121146
21.423177
36.090755
42.338491
0.761428
12.236827
4.683656
5.561805
0.542433
27.130913
6.903806
8.991535
4.582366
17.323108
13.860481
29.293333
11.159512
3.134947
0.782328
18.530925
11.381346
10.770278
7.484406
9.822311
9.187273
25.650201
11.771859
21.748589
3.924493
1.480871
8.116472
6.581987
6.664935
0.710040
3.826027
6.796793
14.952242
8.995320
20.376618
22.119709
10.574691
0.094470
10.338494
4.887935
18.041116
1.469926
24.967851
5.563847
4.415378
15.145561
7.053612
27.703522
3.804185
10.163202
6.580563
33.174011
6.763112
4.341414
2.435500
24.594253
8.321207
1.900430
19.790969
22.291004
0.034480
8.048817
17.542418
4.991709
10.769612
6.898643
14.173666
7.745786
7.927342
0.760647
2.560886
23.801247
9.858636
5.045902
7.127687
0.822294
21.898014
8.898939
17.273194
9.784035
13.517892
14.221316
4.400208
3.536222
11.522099
19.380970
15.432869
0.307616
10.340899
3.627101
71.408437
0.450280
20.696134
9.019987
2.002597
20.006509
7.915089
4.697065
6.863430
8.401237
25.982873
15.749325
12.870838
14.945609
0.418583
8.621553
10.810261
4.512971
14.616871
0.649241
16.663391
0.920350
17.610487
1.566124
12.880808
24.588296
1.765471
4.212899
24.769397
7.038566
8.126651
26.360992
26.472339
14.511631
12.648487
15.919322
25.926324
5.188036
0.341307
21.845613
4.817780
6.261453
4.977177
2.511250
7.489327
1.824086
12.549561
4.409888
6.754870
6.771094
13.386409
2.877648
1.269834
27.509489
3.529915
0.206854
9.246195
10.864579
1.155740
3.587870
9.484461
19.114614
6.571802
2.161100
36.153855
8.911698
5.686613
7.558116
11.566570
46.213518
4.660673
1.307827
16.635567
12.430793
12.120394
0.270355
14.370075
1.093907
7.733107
0.699174
1.713012
9.638782
4.426624
32.448061
2.918526
24.195760
8.534381
2.592002
72.067216
8.424298
8.355396
4.458868
0.702222
3.666613
3.581881
1.809064
12.079941
5.466579
16.573956
27.256801
1.146698
4.120573
1.563400
4.517848
14.035785
8.539189
10.352575
0.066787
11.753243
6.755675
1.378888
2.141163
7.891964
16.843320
9.947309
1.042321
4.579232
6.335095
22.735399
9.487461
4.604610
2.809793
0.520878
4.160116
40.842409
5.419330
0.355798
10.401759
11.893502
4.413271
0.362895
5.882255
7.967397
14.087416
4.154203
4.038623
10.679042
37.273085
0.585209
6.135837
6.300015
25.514132
14.741970
6.949105
2.253085
11.809231
21.517956
20.052487
10.570692
21.112792
0.702871
6.578126
2.361740
3.115171
0.134273
2.921358
4.705810
13.073477
9.096730
11.294611
13.344194
9.857286
18.341636
13.594935
15.399281
14.805938
14.759052
6.051188
4.659830
36.945389
1.036355
2.649212
19.713991
4.976074
5.591482
8.266843
0.515791
5.639663
11.855602
8.325283
18.710708
5.711204
21.957846
8.814171
7.580424
4.376432
8.943404
3.366019
1.645396
2.055608
10.788887
6.066498
22.091816
1.557293
9.537942
1.165179
4.858705
2.777183
18.129875
0.050335
3.710998
13.751903
25.369545
13.748317
0.867428
15.224404
6.518481
26.719350
20.793496
3.479753
41.643038
5.326781
1.095495
46.176200
6.602878
21.399680
10.239430
4.628213
1.891540
4.811005
4.235701
14.858443
9.315556
1.259855
13.376273
5.646165
22.652155
6.675947
23.557178
0.791762
8.904095
9.154598
9.452365
2.876970
14.751661
10.536348
0.038859
1.583802
3.634181
11.631169
0.245539
18.634433
12.058687
1.135687
27.641347
9.742938
10.757424
23.149197
3.504511
3.597645
21.287788
0.156617
21.287444
7.966983
2.170834
6.985480
1.479545
37.395481
1.093313
12.622467
1.930760
0.946188
2.265214
6.610624
4.726213
0.596398
12.938261
5.595475
13.770540
7.686166
3.020311
13.051139
7.119727
7.255682
4.206957
0.851283
3.080986
9.111521
0.288414
0.025698
0.527363
9.590051
17.578857
0.324939
22.508457
2.163197
0.286954
1.562099
35.579619
1.859384
0.461260
38.204750
0.655045
12.109774
0.000291
14.770987
13.284188
14.235363
5.136625
18.960780
1.299547
11.641614
3.469742
5.328258
4.710552
19.054727
9.138877
2.954822
6.438399
3.667710
31.712701
1.089937
4.364958
8.763916
1.530701
2.880863
14.020607
28.956626
7.539157
1.519966
5.193028
5.991888
3.065479
23.690464
7.369741
1.168881
26.483230
11.633615
0.228466
34.484647
2.639873
0.241560
2.674573
3.830437
0.447333
4.017591
0.329462
6.414900
12.166947
7.367041
14.705506
1.423370
7.027581
3.969710
2.243909
6.609575
1.000691
1.589797
3.772853
0.317375
2.381736
34.740572
37.274355
28.743035
12.146021
10.284060
6.844790
21.446925
1.166435
11.866099
0.046157
28.353100
17.445925
24.239118
7.285314
0.077786
7.947333
15.083703
3.638761
2.372097
12.963807
8.532426
1.049817
11.396076
13.936282
4.019516
0.924690
6.011657
2.755460
23.760064
3.796265
5.759881
15.759585
13.238058
0.832711
0.276367
20.477030
19.985976
6.638313
1.916627
4.177821
10.370749
8.021704
2.862451
7.923290
3.643639
11.837836
0.732979
7.940509
1.671775
6.739070
36.288386
4.012552
8.231565
6.176566
9.428437
1.597080
2.117140
1.510861
10.702972
5.765553
16.281082
6.891070
1.773606
1.394603
4.727395
8.748356
1.404809
3.469462
13.266750
16.213668
3.901804
11.200998
0.373673
0.055384
35.269770
5.330407
5.843911
0.529415
1.885743
0.323710
3.102006
3.234306
11.442977
6.231074
1.695302
22.161326
2.961318
4.995513
19.247047
18.838356
14.955306
3.928820
5.757743
0.618549
9.408177
8.521050
1.565654
15.800271
3.615032
25.423681
4.593309
12.418366
4.745847
69.499989
3.422402
12.451046
3.596957
3.960861
1.102388
4.057411
9.477401
1.144459
20.485518
3.110897
3.268707
3.200453
1.860997
0.910063
21.201119
9.345901
7.423135
14.278404
8.996081
21.915141
1.659677
2.632055
11.589331
12.770649
7.809922
23.181366
19.278192
7.339435
3.453582
10.786485
1.260928
4.149137
1.723685
4.820775
0.296300
10.203993
13.906875
1.989405
1.684234
7.090372
24.170637
6.097491
4.277282
6.823317
6.224170
21.603875
6.470018
14.015346
2.109218
17.573642
14.741896
0.691806
3.606184
9.519757
12.170150
15.283554
7.159337
6.670613
10.507818
5.367656
1.847541
3.939854
0.312022
7.965781
13.056762
2.422327
2.515239
4.158983
1.752346
5.139496
2.951299
29.722386
7.288792
4.940491
3.673234
14.886399
7.005643
13.101757
7.755519
7.871435
0.543404
0.190456
23.435125
9.597852
2.387975
19.612528
20.536169
1.875600
28.174495
3.271131
0.822204
4.091922
9.770872
10.580476
16.797066
12.244015
11.835197
12.006956
4.775374
5.297673
6.159326
7.140233
8.409923
0.223536
12.767984
13.054331
8.982559
12.631578
14.258794
15.565234
20.480875
16.860367
7.815403
13.101792
14.041787
1.739445
2.771903
1.633794
4.213875
1.775622
2.765427
1.704034
11.550520
0.509562
4.821697
0.301937
4.293236
1.545615
4.268622
6.757490
1.014405
43.668393
20.567464
13.841599
20.072947
13.279710
2.225876
38.571454
4.986535
23.295983
7.069639
16.647794
2.392821
6.977131
20.695969
0.493830
0.784827
10.353043
4.483555
4.127277
14.988037
0.155070
3.432935
1.303655
2.994914
25.177898
8.957316
6.487362
2.947889
0.696940
6.433793
3.113572
0.271717
27.647348
22.317896
23.532180
36.075095
2.455980
1.587313
10.837635
1.610263
18.325010
0.044821
18.419690
5.747304
0.720052
30.859745
12.614010
3.751831
0.594604
5.611389
5.519821
1.968722
0.781977
17.524078
16.775688
5.094906
3.493502
0.853111
2.162382
13.540059
7.386027
10.585727
7.900685
8.591601
12.826352
18.038583
3.048232
1.728195
2.299082
11.371877
0.714966
0.920732
0.298523
0.254337
7.598645
9.531228
7.554879
1.596342
0.218330
28.357863
4.256067
9.660167
5.968274
0.951725
2.205636
1.917133
6.041937
3.786327
4.871756
2.853188
6.727588
0.714165
7.854621
1.322347
17.936916
7.705448
5.692767
2.586928
8.881317
1.118100
10.260586
6.070446
4.026220
18.422294
18.613466
9.383836
17.719242
15.386390
20.512947
6.670124
4.653902
2.852453
27.644015
3.318417
5.504966
8.542508
1.021103
2.397520
16.972446
8.244342
15.839758
7.200137
17.533597
21.645880
2.875110
3.303441
16.981265
12.254640
2.476847
6.839763
5.209420
14.336925
3.794018
2.918420
24.121816
13.196797
4.797601
21.551410
7.494251
4.486445
1.083480
21.420313
7.793001
15.095893
2.083390
6.973882
21.984597
1.476789
24.533517
5.091593
3.301882
5.730519
13.565997
1.359440
0.263339
4.099999
1.023917
15.100257
4.520277
5.818793
4.364051
7.453705
16.172784
5.305041
1.871642
1.681355
5.648659
8.076935
2.867846
4.502965
12.115680
27.873284
60.812622
11.813398
4.063128
6.612256
8.727067
24.742959
6.662748
4.399558
0.561422
2.152899
10.637246
1.709618
7.872994
0.568088
0.830343
5.686347
3.556594
6.357263
21.333027
11.393197
9.554058
6.832137
1.836696
2.866719
9.823740
4.768436
3.189071
3.703555
4.655590
7.393219
1.241613
0.476680
5.020106
3.831715
3.401366
3.329948
1.691864
0.128236
8.757577
6.625141
2.956948
5.221381
14.595363
1.489554
2.038574
21.669432
0.690456
3.767348
11.272625
1.422504
24.195389
3.491706
2.648368
2.669145
3.488510
41.192984
0.259417
1.326802
9.842334
2.047469
3.039422
2.508987
9.416818
2.647844
19.208237
15.084749
10.305863
3.955506
2.279407
3.068532
10.940329
8.976811
18.490469
1.930034
17.816434
3.893433
5.206624
20.086746
0.600344
14.563858
12.481595
35.792880
14.650136
28.234747
0.097775
4.744397
1.774524
12.869791
24.021911
4.508141
1.032331
9.041563
15.788202
1.323570
13.224391
15.370246
16.001724
15.301218
4.727975
31.500273
3.185948
3.741076
19.610586
16.038625
0.298144
5.269096
14.329037
2.678158
4.401848
2.106054
9.759188
13.336852
7.098450
3.660790
14.998160
20.473558
1.321959
10.231499
2.207038
9.359316
20.762407
25.522667
2.956356
14.542460
0.174067
8.246670
11.141505
1.536094
18.090671
5.166159
6.816083
8.230931
29.977519
1.888332
4.150769
11.624283
17.598229
8.089683
2.788261
30.833512
0.635496
4.904446
1.622157
23.211879
11.722276
16.154057
4.802875
10.079796
2.062322
12.474240
25.666989
17.670124
9.542602
3.117967
3.246983
12.205816
7.828564
12.205956
1.811853
3.763166
35.294661
3.157221
0.037643
20.497093
13.101728
4.501561
3.203708
10.446580
5.504189
0.225034
7.453205
8.360176
5.105709
9.727735
0.736882
8.412760
2.976179
2.796684
14.708592
0.654706
6.242328
1.567938
1.130187
3.685986
21.945725
4.183089
0.263158
27.074790
2.914781
1.565447
11.874229
3.656330
8.702668
2.890361
21.999899
8.998094
5.022427
15.994847
0.314562
2.912006
7.860271
25.563680
44.940575
1.934322
13.020159
5.889943
3.730878
12.852383
4.689675
0.151230
8.900819
19.243576
1.737151
3.563452
19.225175
14.302690
1.698191
12.509830
2.383592
14.687344
22.323304
3.221089
10.152373
20.141932
13.374930
3.826856
2.163872
2.336514
1.843538
4.272847
20.003500
0.007162
3.278442
31.448348
7.106182
14.838897
29.291270
9.050884
25.642717
1.501949
17.602014
0.509223
6.371067
1.093007
8.784604
0.836706
2.380998
7.387354
30.981357
10.290856
14.135149
10.275182
3.757856
1.088789
28.860804
6.151280
4.808417
17.626053
30.228505
5.134761
12.881244
7.436794
2.361749
6.837921
3.482534
6.953837
0.463136
4.582111
1.765356
5.584814
2.879134
0.513049
19.559386
3.308989
1.371417
23.672238
2.496333
1.298199
2.852533
6.896769
6.035343
24.544920
27.429809
2.943390
20.997988
0.917351
0.466096
2.149026
12.293501
28.849848
10.831722
21.312528
8.239624
5.125101
2.041199
45.151078
28.989355
7.728792
8.059988
4.444629
0.503429
19.936735
3.941448
14.752021
11.973891
0.690770
9.329741
2.328459
9.604398
2.007442
40.668423
14.590141
6.677814
2.919360
3.201310
4.591978
7.224303
1.941866
0.323269
1.224964
6.377754
19.967345
1.425985
19.778679
9.851588
8.789873
9.714630
25.620885
8.838957
3.161190
2.177486
6.525350
1.089960
0.684455
2.850460
19.254258
0.908775
1.957534
36.436931
13.925064
9.389462
1.913208
7.843872
14.543264
0.033172
9.198769
20.357122
0.175540
4.056060
1.524094
7.006734
8.554448
24.820529
10.392691
11.928458
12.750326
5.334882
10.993785
30.806656
12.461500
4.057478
19.822390
5.276996
0.932259
1.994445
69.247361
0.578737
0.768840
3.341632
7.245794
6.838114
16.133635
16.854998
2.440301
6.604106
2.285600
9.364489
18.163050
7.155430
2.076942
30.828820
13.466804
2.773237
7.586855
3.863894
10.637332
8.114556
6.900769
29.586669
3.243969
19.761818
11.523637
0.117569
5.230311
4.088949
30.333152
0.789910
6.665981
12.519904
0.236116
17.192922
1.243712
0.490000
15.669577
2.532564
1.735168
16.807243
4.183498
9.368332
15.210447
23.342673
40.996425
3.235616
7.724936
11.702646
21.618014
13.161679
3.719200
14.921433
3.487554
11.175189
0.656790
0.469056
17.659425
3.597547
26.774319
3.278516
0.311396
11.606982
3.714144
5.111039
3.270356
8.039944
3.442344
31.379609
4.018429
18.269642
0.758167
2.281806
4.494948
8.884510
1.906215
16.112680
3.829042
25.430340
2.899313
19.109701
2.048639
26.355568
2.911211
11.682208
9.793587
8.130024
27.854914
5.160143
6.034750
8.436929
0.765470
48.785869
0.210437
6.712361
15.497307
1.102432
0.053034
11.287225
6.873839
0.235526
5.045025
2.247488
18.135305
10.871345
14.813990
15.415271
34.157081
11.011499
2.776536
19.810291
12.636708
21.832879
8.027935
2.308942
7.118126
16.946396
3.349858
0.010941
0.869726
11.802872
0.587589
1.377623
3.704161
5.519530
1.969325
3.515119
0.123207
22.529314
6.142040
4.079761
1.231928
13.556667
5.533444
25.497855
1.577079
11.184102
2.971811
7.739561
11.751913
7.402447
2.774966
7.440028
11.729185
7.118044
0.144769
19.499408
21.395683
19.361352
35.294512
1.083251
11.712194
9.089661
16.015230
1.645121
22.768633
2.204052
15.377000
6.132677
0.675247
14.897645
7.436463
0.714075
4.923193
6.555150
2.807952
10.382644
0.356952
14.917914
7.364279
2.503774
10.191939
5.971317
6.662870
0.900153
23.304715
2.000333
26.645900
10.314603
0.918478
2.380336
7.087170
6.914634
4.930693
7.101710
23.350280
20.511642
1.207551
9.656730
4.831875
0.094750
8.511105
4.551313
9.195377
15.618791
4.382719
0.459034
11.275735
9.602574
6.933976
0.633665
17.895946
18.345380
6.015120
13.920422
8.729710
27.920101
0.064572
5.486789
0.297912
10.765966
15.290044
6.211098
15.169016
3.870710
0.719806
19.108114
5.781960
1.803036
2.301903
18.348004
6.924033
11.189726
0.108629
1.873564
0.205523
5.439924
17.001448
1.028784
0.410264
8.789001
1.603858
33.373883
9.618351
5.882045
5.326703
3.775227
4.115885
1.534441
0.415906
11.792847
30.837135
10.187104
10.351359
5.057822
4.218156
31.139357
8.781664
6.713765
4.804610
13.958926
74.692195
3.587851
2.493547
14.733793
14.374091
1.473598
15.507037
0.933243
21.751774
41.454342
6.508268
1.929692
0.067275
27.083960
43.831688
0.661813
7.222351
11.060930
7.809115
33.520699
27.453472
13.515524
7.955346
0.673208
3.122457
0.578598
0.459615
6.714462
8.260080
15.377543
2.503252
3.330852
2.930734
21.173063
1.879323
1.650212
15.328656
8.906605
17.618923
13.354492
0.125863
2.810268
5.938499
8.273676
2.885831
13.981780
0.976250
4.764020
5.239758
7.568236
9.562942
4.437193
9.276719
1.241169
7.854325
1.153490
41.529341
12.692103
25.923731
38.663208
6.774005
12.209251
2.997807
10.984155
18.867090
5.833075
0.602547
25.611414
8.671620
3.284573
12.360247
4.310078
13.678790
0.547982
17.571741
6.578308
15.842066
0.219001
38.178896
3.699499
2.603053
17.224667
16.136045
7.126892
9.988942
2.365820
4.679353
10.517230
29.264968
0.055364
6.198722
4.979480
31.820809
15.294842
11.016270
5.892552
14.479562
2.964938
10.355738
15.374220
14.604198
9.304778
0.487969
10.348214
4.786774
2.265681
51.293845
2.628988
5.041435
19.945384
1.254348
13.681710
16.430839
6.416364
21.063622
8.723552
5.360253
15.836817
8.181267
6.048170
17.864531
1.505746
11.021267
2.044311
20.830765
2.044212
17.082890
4.137518
0.810402
4.098618
5.794807
4.991797
4.903677
1.098726
1.040886
4.014313
5.971507
1.932735
24.620377
0.580321
26.059336
20.211100
4.334160
8.076292
16.646878
8.665130
9.686514
16.600855
0.453023
9.172991
0.096266
8.286269
7.002245
7.825970
0.540331
2.981566
0.831743
1.012725
26.936270
20.799070
13.342095
4.361753
53.821997
10.411706
0.411628
5.619042
3.093600
4.180613
20.748938
0.850538
7.001878
8.128898
10.198526
4.639682
43.999342
1.767922
1.364838
28.846763
0.222614
2.940538
10.214944
1.087893
6.498412
5.737014
2.315096
0.396249
13.590779
4.388635
12.563881
6.436666
8.212146
9.074493
11.499844
0.537364
13.946551
3.587616
13.092874
9.541498
10.069687
24.425334
1.475349
4.829859
14.706977
3.219048
5.660042
4.943264
2.947459
0.281949
1.198327
0.247649
8.601289
13.972442
5.971569
1.246448
9.221721
4.533276
2.437496
2.131229
11.652274
6.356813
3.801021
0.536136
5.454900
5.681295
7.838088
1.504585
0.808645
12.638315
23.569110
29.547372
1.025695
1.243296
3.493970
5.363018
2.274698
0.622925
33.827833
2.779147
0.516159
5.369051
5.085149
38.280547
4.500722
26.386353
18.353464
1.019748
9.701039
10.884627
3.786903
15.397349
3.857585
11.793603
19.130577
5.825979
31.790466
2.113481
8.631920
3.469957
13.243029
5.437417
8.109223
12.156795
3.389117
2.108235
1.129881
7.245563
0.725289
2.087488
4.957316
9.012017
27.791672
11.228314
0.911229
16.005981
9.304402
12.349379
2.437721
7.370784
0.129544
2.952896
15.391281
19.823888
2.499546
18.446801
0.724188
11.205485
5.726002
5.121705
1.985908
2.161267
5.834798
0.433823
2.125876
8.455973
6.366634
3.276057
8.662351
