164
179
172
150
165
163
163
154
164
154
160
156
163
162
150
161
163
148
148
166
180
161
160
164
165
167
163
186
173
168
187
162
154
165
167
164
157
159
146
158
162
164
159
164
172
173
174
155
167
151
154
178
152
174
173
164
156
173
173
177
152
167
195
179
177
164
160
162
166
178
151
160
151
153
171
164
172
170
165
164
165
154
158
157
163
158
168
162
162
167
150
175
162
183
157
170
146
163
175
167
173
158
163
183
177
165
180
160
168
184
172
166
153
169
149
154
158
156
172
168
171
158
169
161
159
171
196
162
152
177
160
169
161
148
169
174
156
180
168
177
171
170
170
172
163
160
137
173
165
173
167
180
173
177
181
159
168
150
181
162
178
174
167
162
162
157
163
164
162
163
178
177
156
162
165
175
165
159
163
161
167
142
168
179
162
162
154
165
165
178
167
183
171
148
162
173
154
165
174
176
171
188
180
170
178
176
162
161
172
148
153
156
145
178
167
177
163
169
171
166
155
168
167
164
158
170
162
160
171
157
171
166
154
150
161
167
159
152
153
165
161
158
181
159
157
162
166
171
168
178
158
173
139
179
165
177
174
163
175
181
163
166
176
160
149
173
168
187
181
146
155
170
160
172
169
163
171
160
184
154
156
149
166
167
181
167
185
165
159
170
188
172
180
154
176
161
173
167
156
175
177
164
167
176
161
162
172
155
151
169
192
160
170
147
180
160
163
160
167
150
154
150
165
169
173
171
157
177
178
159
184
191
172
174
165
152
175
173
166
181
170
144
149
149
177
155
160
166
168
167
163
142
155
171
162
187
176
161
172
169
159
173
152
166
151
176
156
138
179
152
159
173
179
157
157
152
164
167
160
152
192
165
170
197
168
164
183
163
155
178
173
151
169
175
144
164
151
161
163
174
152
174
158
162
152
173
155
161
163
166
163
161
154
160
167
141
160
158
169
171
160
174
172
179
148
168
156
178
166
170
160
167
144
164
173
156
166
159
170
174
159
175
151
174
177
170
159
174
164
178
153
162
174
161
152
152
171
150
177
166
143
161
180
173
169
138
163
155
171
153
168
155
168
164
166
173
161
161
158
159
172
165
155
167
158
173
162
169
168
157
152
165
170
179
154
174
173
159
165
176